100
3000 3000 2568 2882 0.99510
3000 3000 2955 2831 0.94020
3000 3000 2921 3389 0.82810
3000 3000 4148 3660 0.54120
3000 3000 1539 2210 0.32960
3000 3000 3361 2631 0.56640
3000 3000 2802 2811 0.89490
3000 3000 3838 2345 0.60840
3000 3000 2400 2317 0.18150
3000 3000 4371 2195 0.76540
3000 3000 4404 2176 0.07100
3000 3000 2257 3613 0.15410
3000 3000 3382 2428 0.94950
3000 3000 1449 2931 0.91980
3000 3000 2582 4286 0.21560
3000 3000 2334 2577 0.93180
3000 3000 2826 3081 0.03860
3000 3000 4484 3000 0.86100
3000 3000 3228 4035 0.94610
3000 3000 3013 3264 0.23190
3000 3000 3314 3259 0.52030
3000 3000 2189 2474 0.21360
3000 3000 3457 2181 0.51530
3000 3000 2462 2305 0.89950
3000 3000 3186 1807 0.23480
3000 3000 2278 2610 0.28010
3000 3000 2823 3037 0.89020
3000 3000 2292 3585 0.76790
3000 3000 3217 1874 0.55080
3000 3000 1780 3320 0.80260
3000 3000 1687 2789 0.31790
3000 3000 2459 2427 0.20670
3000 3000 3089 4061 0.13700
3000 3000 2298 4183 0.51980
3000 3000 2634 2510 0.11960
3000 3000 3112 1795 0.72390
3000 3000 4364 3532 0.51980
3000 3000 4293 3196 0.89800
3000 3000 3093 2980 0.59900
3000 3000 1777 1704 0.79440
3000 3000 3063 2985 0.55520
3000 3000 3613 2554 0.35890
3000 3000 2716 2099 0.10450
3000 3000 1294 2695 0.40030
3000 3000 4166 2485 0.32730
3000 3000 2888 3761 0.28090
3000 3000 3700 2284 0.69180
3000 3000 3692 3572 0.76490
3000 3000 2697 3338 0.84120
3000 3000 3876 2526 0.73470
3000 3000 4272 3181 0.88110
3000 3000 2261 3508 0.27420
3000 3000 2743 2979 0.76850
3000 3000 2921 3007 0.31490
3000 3000 2181 4381 0.28800
3000 3000 3052 3114 0.66290
3000 3000 2270 2023 0.80800
3000 3000 2997 2956 0.12620
3000 3000 2976 2970 0.67680
3000 3000 3341 1517 0.88420
3000 3000 4295 3656 0.87390
3000 3000 2869 2817 0.67090
3000 3000 2688 1640 0.21300
3000 3000 2460 4179 0.27460
3000 3000 2575 1977 0.18870
3000 3000 2453 3836 0.00660
3000 3000 3205 3118 0.66120
3000 3000 2924 1675 0.06760
3000 3000 3043 3111 0.02180
3000 3000 3901 1748 0.92190
3000 3000 4309 2262 0.46410
3000 3000 2603 2849 0.07440
3000 3000 2348 3345 0.63310
3000 3000 2991 3109 0.02590
3000 3000 1646 3966 0.49810
3000 3000 2978 3121 0.96650
3000 3000 1246 3218 0.85940
3000 3000 3005 2959 0.61700
3000 3000 2293 2808 0.87140
3000 3000 3060 2206 0.82180
3000 3000 3268 3206 0.07970
3000 3000 2956 3022 0.36290
3000 3000 3895 2018 0.16900
3000 3000 2040 3414 0.77390
3000 3000 2913 2978 0.21990
3000 3000 3034 3246 0.19140
3000 3000 2409 3074 0.67810
3000 3000 4547 2904 0.55930
3000 3000 3376 2822 0.94340
3000 3000 2602 3671 0.07020
3000 3000 2727 3256 0.75960
3000 3000 1922 3442 0.77100
3000 3000 2947 2433 0.65350
3000 3000 2524 2578 0.43910
3000 3000 3133 2974 0.28050
3000 3000 3005 2955 0.72260
3000 3000 4105 1788 0.40810
3000 3000 3958 1949 0.76310
3000 3000 3163 3986 0.02590
3000 3000 4017 2098 0.11210
