50 50 3
0 0 0 0 0 0 0 0 0 0 0 0 0 0 0 0 0 0 0 0 0 0 0 0 0 0 0 0 0 0 0 0 0 0 0 0 0 0 0 0 0 0 0 0 0 0 0 0 0 0
0 0 0 0 0 0 0 0 0 0 0 0 0 0 0 0 0 0 0 0 0 0 0 0 0 0 0 0 0 0 0 0 0 0 0 0 0 0 0 0 0 0 0 0 0 0 0 0 0 0
0 0 0 0 0 0 0 0 0 0 0 0 0 0 0 0 0 0 0 0 0 0 0 0 0 0 0 0 0 0 0 140 140 140 140 0 0 0 0 0 0 0 0 0 0 0 0 0 0 0
0 0 0 0 0 0 0 0 0 0 0 0 0 0 0 0 0 0 0 0 0 0 0 0 0 0 0 0 0 0 0 140 140 140 140 0 0 281 281 281 0 0 0 0 0 0 0 0 0 0
0 0 0 0 0 0 0 0 0 0 0 0 109 0 0 109 0 0 0 0 0 0 0 0 0 0 0 0 0 0 0 0 0 140 140 140 0 281 281 0 0 0 0 0 0 0 0 0 0 0
0 0 0 0 0 0 0 0 0 0 0 0 0 0 0 269 269 269 0 0 0 0 0 0 0 233 233 233 0 0 0 0 0 140 140 140 140 0 281 281 0 0 0 0 0 0 0 0 0 0
0 0 0 0 0 0 0 0 0 0 0 109 109 0 0 269 269 269 0 0 0 0 0 0 0 233 0 233 0 0 0 0 0 140 140 140 140 281 281 281 0 0 0 0 0 0 0 0 0 0
0 0 0 0 0 0 0 0 0 0 0 0 109 0 0 269 269 0 0 0 0 0 0 0 0 233 233 233 300 0 0 0 0 140 140 140 140 0 0 0 0 0 0 0 0 0 0 0 0 0
0 0 0 0 0 0 0 0 0 0 0 0 109 0 0 0 0 0 0 0 0 0 0 0 0 233 0 233 300 0 0 0 0 140 140 140 0 0 0 0 0 0 0 0 0 0 0 0 0 0
0 0 0 0 0 0 0 0 0 0 0 0 0 0 0 0 0 0 0 0 0 0 359 359 0 359 0 300 300 0 0 0 0 0 0 0 0 0 0 0 0 0 0 0 0 0 0 0 0 0
0 0 0 0 0 0 0 0 0 0 0 0 0 0 0 0 0 0 0 0 0 0 359 0 0 359 0 0 0 0 0 0 0 0 0 0 0 0 0 0 0 0 0 0 0 0 0 0 0 0
0 0 0 0 0 0 0 0 0 0 0 0 0 0 0 0 0 0 0 0 0 0 359 0 0 0 0 0 0 0 0 0 0 0 0 0 0 0 0 0 0 0 0 0 0 0 0 0 0 0
0 0 0 0 0 0 0 0 0 0 0 0 0 0 0 0 0 0 0 0 0 0 359 0 359 0 0 0 0 0 0 0 0 0 0 0 0 0 0 0 0 0 0 0 0 0 0 0 0 0
0 0 0 0 0 0 0 0 0 0 0 0 0 0 0 0 0 0 0 0 0 0 0 0 0 0 0 0 0 0 0 0 0 0 0 0 0 0 0 0 0 0 0 0 0 0 0 0 0 0
0 0 0 0 0 0 0 0 0 0 0 0 0 0 0 0 0 0 0 416 416 416 0 0 0 0 0 0 0 0 0 0 0 0 0 0 0 0 0 0 0 0 0 0 0 0 491 491 491 0
0 0 0 0 0 0 0 0 0 0 0 0 0 0 0 0 0 0 0 416 416 416 0 0 0 0 0 0 0 0 0 0 0 0 0 0 0 0 0 0 41 0 0 41 0 0 491 491 491 0
0 340 340 340 340 0 0 0 0 0 0 0 0 0 0 0 0 0 0 416 0 416 0 0 0 0 0 0 0 0 0 0 0 0 0 41 41 41 41 0 0 0 41 41 0 0 491 491 491 0
0 340 340 0 0 0 0 0 0 0 0 0 0 0 0 0 0 0 0 0 0 0 0 0 0 0 0 0 0 0 0 0 0 0 0 41 41 41 41 0 0 0 491 491 0 0 0 0 0 0
0 0 340 340 340 0 0 0 0 0 0 432 432 0 432 432 432 0 0 483 0 0 0 0 0 0 0 0 0 0 0 0 0 0 0 41 41 41 41 0 0 0 491 491 0 0 0 0 0 0
0 0 340 340 340 0 0 0 0 206 206 206 0 0 0 0 432 0 0 483 0 0 0 0 0 0 0 0 0 0 0 0 0 0 0 41 41 41 41 0 0 0 491 491 0 0 0 0 0 0
0 0 340 340 340 0 0 0 0 206 206 206 0 0 0 0 432 0 483 483 0 0 0 0 0 0 0 0 0 0 0 0 0 0 0 0 0 0 0 0 0 0 491 491 0 0 0 0 0 0
0 0 0 0 0 0 0 0 0 0 0 206 0 0 0 0 432 0 0 0 0 0 0 0 0 0 0 0 0 0 0 43 0 414 414 0 0 0 0 0 0 0 0 0 0 0 0 0 0 0
0 0 0 0 0 0 0 0 0 0 0 206 206 0 0 0 0 0 0 0 0 0 0 0 0 0 0 0 0 0 0 43 43 414 414 0 0 0 0 0 0 0 0 0 0 0 0 0 0 0
0 0 0 0 0 0 0 0 0 0 0 206 206 0 0 0 0 0 0 0 0 0 0 0 0 0 0 0 0 0 0 0 43 0 0 0 414 0 0 0 0 0 0 0 0 0 0 0 0 0
0 0 0 0 0 0 0 0 0 0 368 206 206 0 0 0 0 0 0 0 0 0 0 0 0 0 0 328 328 328 0 0 0 0 0 0 414 0 0 0 0 0 0 0 0 0 0 0 0 0
0 0 0 0 0 0 368 0 0 0 0 0 0 0 0 0 0 193 193 193 193 193 193 193 0 0 0 328 328 328 0 0 414 0 0 0 0 0 0 0 0 0 0 0 0 0 0 0 0 0
0 0 0 80 80 80 80 80 0 0 0 0 0 0 0 0 0 193 193 193 193 193 193 193 0 0 0 328 328 328 0 443 443 0 0 0 0 0 426 426 426 0 0 0 0 0 0 0 0 0
0 0 0 80 80 80 80 80 0 0 0 0 0 0 0 0 0 193 497 497 193 193 193 193 0 0 0 328 328 328 0 0 0 0 0 0 374 374 0 0 426 0 0 0 0 0 0 0 0 0
0 0 0 80 80 80 80 80 0 0 0 0 0 0 0 0 0 193 497 497 193 193 193 193 0 0 0 0 0 443 0 0 0 0 0 0 374 374 0 0 0 0 0 0 0 0 0 0 0 0
0 0 0 0 0 0 0 0 0 0 0 0 0 0 0 0 0 0 0 497 497 497 497 497 417 417 417 0 0 0 0 0 0 0 0 0 374 374 0 0 0 0 0 0 0 0 0 0 0 0
0 0 0 0 0 0 0 0 0 0 0 0 0 0 0 0 0 193 193 497 497 497 497 497 417 417 417 0 0 0 0 0 0 0 0 373 373 0 0 0 0 193 0 0 0 0 0 0 0 0
0 0 0 0 0 0 0 0 0 0 0 0 0 0 0 0 0 193 193 497 497 497 497 497 417 417 417 0 0 0 0 0 0 0 0 0 217 0 0 0 0 193 193 0 0 0 0 0 0 0
0 0 0 0 0 0 0 0 0 0 0 0 0 121 121 121 497 497 497 497 497 497 497 497 417 417 417 0 0 0 0 0 0 0 0 0 217 217 217 0 193 193 0 0 0 0 0 0 0 0
0 0 0 0 0 0 0 0 0 0 0 0 0 0 0 0 497 497 497 497 497 497 417 417 417 0 0 0 0 0 0 0 0 0 0 0 217 217 217 193 193 193 0 0 0 0 0 0 0 0
403 403 403 403 0 0 0 0 0 0 0 0 0 0 0 0 497 497 497 0 0 0 417 417 417 0 0 24 24 0 24 24 0 0 0 0 0 0 0 0 0 0 0 0 0 0 0 0 0 0
403 403 403 403 0 0 0 0 0 0 0 0 0 0 0 0 0 0 0 0 0 0 0 0 0 0 0 24 24 24 24 24 0 0 0 0 0 0 0 0 0 0 0 0 0 0 0 0 0 0
403 403 403 403 0 0 0 0 0 0 0 0 0 0 0 0 0 0 0 0 0 0 0 0 429 429 429 429 0 0 0 0 0 0 0 0 0 0 0 0 0 0 0 0 0 0 0 0 0 0
403 403 403 403 0 403 272 272 0 0 0 0 0 0 0 0 0 0 0 0 0 0 0 0 429 429 429 429 24 0 0 0 0 0 0 0 0 0 0 0 0 0 0 0 0 0 0 0 0 0
0 0 0 0 403 403 272 272 0 0 0 0 0 0 0 0 0 0 0 0 0 0 0 0 429 429 429 429 0 0 0 0 0 0 0 0 305 305 305 0 0 0 0 0 0 0 0 0 0 0
0 0 0 272 272 0 0 272 272 0 0 0 0 0 0 0 0 0 0 0 0 0 0 0 0 0 0 0 0 24 24 0 0 0 0 0 305 305 305 305 305 0 0 0 0 0 0 0 0 0
0 0 0 272 272 272 0 272 272 106 106 0 0 0 0 0 0 0 0 56 56 56 56 56 56 56 0 0 0 24 24 24 24 0 0 0 305 305 305 305 305 0 0 0 0 0 0 0 0 0
0 0 0 272 272 272 0 272 272 106 106 0 0 0 0 0 0 0 224 56 56 56 56 56 56 56 0 0 0 0 0 0 24 0 0 0 305 305 305 305 305 0 0 0 0 0 0 0 0 0
0 0 0 0 0 0 0 0 0 0 106 0 0 0 0 0 0 0 0 56 56 56 56 56 56 56 0 0 0 0 0 0 24 0 0 0 305 305 305 305 305 0 0 0 0 0 0 0 0 0
0 0 0 0 0 0 0 0 0 0 106 106 0 0 0 0 0 0 0 56 56 56 56 56 56 56 0 0 0 0 0 0 138 138 0 0 235 235 0 0 0 0 0 0 0 0 0 0 0 0
0 0 0 0 0 0 44 0 44 106 106 106 0 0 0 0 0 121 0 0 0 0 0 111 111 111 0 111 111 111 0 0 0 138 0 0 0 264 0 0 0 0 0 0 0 0 0 0 0 0
0 0 0 0 0 0 0 0 0 106 106 106 0 0 0 0 0 121 0 0 0 0 0 111 111 111 0 111 111 111 0 0 0 0 138 0 0 0 0 0 0 44 44 44 44 0 0 0 0 0
0 0 0 0 0 0 0 0 0 106 106 106 0 0 0 56 121 121 46 46 0 0 0 111 111 0 0 111 111 111 0 0 0 0 0 0 0 0 0 0 0 44 44 44 44 0 0 0 0 0
0 0 0 44 44 44 0 0 0 44 0 0 0 0 56 56 0 0 46 46 0 0 0 0 0 0 0 0 0 0 0 0 0 0 0 0 0 0 0 0 0 44 44 44 0 0 0 0 0 0
0 0 0 44 44 44 0 0 0 44 0 0 0 0 0 121 121 0 46 46 0 0 0 0 0 0 0 0 0 0 0 0 0 0 0 0 0 0 0 0 0 0 0 0 0 0 0 0 0 0
0 0 0 44 44 44 44 44 44 44 0 0 0 0 0 121 121 0 0 0 0 0 0 0 0 0 0 0 0 126 126 126 0 0 0 0 0 0 0 0 44 44 44 44 0 0 0 0 0 0
