150 200 7
0 0 0 0 0 0 0 0 0 0 0 0 0 0 0 0 0 0 0 0 0 0 0 0 0 0 0 0 0 0 0 0 0 0 0 0 0 0 0 0 0 0 0 0 95 95 95 95 95 95 0 0 0 0 0 0 0 0 0 0 0 0 0 0 0 0 0 0 0 0 0 0 0 0 0 0 0 0 0 0 0 0 0 0 0 0 0 0 0 0 0 0 0 0 0 0 0 0 0 0 0 0 0 0 0 0 0 0 0 0 0 0 0 0 0 0 0 0 0 0 0 0 0 0 0 0 0 0 0 0 0 0 0 0 0 0 0 0 0 0 0 0 0 0 0 0 0 0 0 0 0 0 0 0 0 0 0 0 0 0 0 0 0 0 0 0 0 0 0 0 0 0 0 0 0 0 0 0 0 0 0 0 0 0 0 0 0 0 0 0 0 0 0 0 0 0 0 0 0 0
0 0 0 0 0 0 0 0 0 0 0 0 0 0 0 0 0 0 0 0 0 0 0 0 0 0 0 0 0 0 0 0 0 0 0 0 0 0 0 0 0 0 0 0 95 95 95 95 95 95 0 0 0 0 0 0 0 0 0 0 0 0 0 0 0 0 0 0 0 0 0 0 0 0 0 0 0 0 0 0 0 0 0 0 0 0 0 0 0 0 0 0 0 0 0 0 0 0 0 0 0 0 0 0 0 0 0 0 0 0 0 0 0 0 0 0 0 0 0 0 0 0 0 0 0 0 0 0 0 0 0 0 0 0 0 0 0 0 0 0 0 0 0 0 0 0 0 0 0 0 0 0 0 0 0 0 0 0 0 0 0 0 0 0 0 0 0 0 0 0 0 0 0 0 0 0 0 0 0 0 0 0 0 0 0 0 0 0 0 0 0 0 0 0 0 0 0 0 0 0
0 0 0 0 0 0 0 0 0 0 0 0 0 0 0 0 0 0 0 0 0 0 0 0 0 0 0 0 0 0 0 0 0 0 0 0 0 0 0 0 0 0 0 0 95 95 95 95 95 95 0 0 0 0 0 0 0 0 0 0 0 0 0 0 0 0 0 0 0 0 0 0 0 0 0 0 0 0 0 0 0 0 0 0 0 0 0 0 0 0 0 0 0 0 0 0 0 0 0 0 0 0 0 0 0 0 0 0 0 0 0 0 0 0 0 0 0 0 0 0 0 0 0 0 0 0 0 0 0 0 0 0 0 0 0 0 0 0 0 0 0 0 0 0 0 0 0 0 0 0 0 0 0 0 0 0 0 0 0 0 0 0 0 0 0 0 0 0 0 0 0 0 0 0 0 0 0 0 0 0 0 0 0 0 0 0 0 0 0 0 0 0 0 0 0 0 0 0 0 0
0 0 0 0 0 0 0 0 0 0 0 0 0 0 0 0 0 0 0 0 0 0 0 0 0 0 0 0 0 0 0 0 0 0 0 0 0 0 0 0 0 0 0 0 95 95 95 95 95 0 0 0 0 0 0 0 0 0 0 0 0 0 0 0 0 0 0 0 0 0 0 0 0 0 0 0 0 0 0 0 0 0 0 0 0 0 0 0 0 0 0 0 0 0 0 0 0 0 0 0 0 0 0 0 0 0 0 0 0 0 0 0 0 0 0 0 0 0 0 0 0 0 0 0 0 0 0 0 0 0 0 0 0 0 0 0 0 0 0 0 0 0 0 0 0 0 0 0 0 0 0 0 0 0 0 0 0 0 0 0 0 0 0 0 0 0 0 0 0 0 0 0 0 0 0 0 0 0 0 0 0 0 0 0 0 0 0 0 0 0 0 0 0 0 0 0 0 0 0 0
0 0 0 0 0 0 0 0 0 0 0 0 0 0 0 0 0 0 0 0 0 0 0 0 0 0 0 0 0 0 0 0 0 0 0 0 0 0 0 0 0 0 0 0 0 0 95 95 95 0 0 0 95 95 95 95 95 95 0 0 0 0 0 0 0 0 0 0 0 0 0 0 0 0 0 0 0 0 0 0 0 0 0 0 0 0 0 0 0 0 0 0 0 0 0 0 0 0 0 0 0 0 0 0 0 0 0 0 0 0 0 0 0 0 0 0 0 0 0 0 0 0 0 0 0 0 0 0 0 0 0 0 0 0 0 0 0 0 0 0 0 0 0 0 0 0 0 0 0 0 0 0 0 0 0 0 0 0 0 0 0 0 0 0 0 0 0 0 0 0 0 0 0 0 0 0 0 0 0 0 0 0 0 0 0 0 0 0 0 0 0 0 0 0 0 0 0 0 0 0
0 0 0 0 0 0 0 0 0 0 0 0 0 0 0 0 0 0 0 0 0 0 0 0 0 0 0 0 0 0 0 0 0 0 0 0 0 0 0 0 0 0 0 0 0 0 95 95 95 95 0 95 95 95 95 95 95 95 0 0 0 0 0 0 0 0 0 0 0 0 0 0 0 0 0 0 0 0 0 0 0 0 0 0 0 0 0 0 376 376 376 376 376 376 376 376 376 376 376 376 0 0 0 0 0 0 0 0 0 0 0 0 0 0 0 0 0 0 0 0 0 0 0 0 0 0 0 0 0 0 0 0 0 0 0 0 0 0 0 0 0 0 0 0 0 0 0 0 0 0 0 0 0 0 0 0 0 0 0 0 0 0 0 0 0 0 0 0 0 0 0 0 0 0 0 0 0 0 0 0 0 0 0 0 0 0 0 0 0 0 0 0 0 0 0 0 0 0 0 0
0 0 0 0 0 0 0 0 0 0 0 0 0 0 0 0 0 0 0 0 0 0 0 0 0 0 0 0 0 0 0 0 0 0 0 0 0 0 0 0 0 0 0 0 0 0 95 95 95 95 0 95 95 95 95 95 95 95 0 0 0 0 0 0 0 0 0 0 0 0 0 0 0 0 0 0 0 0 0 0 0 0 0 0 0 0 0 0 376 376 376 376 0 0 0 0 0 376 0 0 0 0 0 0 0 0 0 0 0 0 0 0 0 0 0 439 439 439 439 439 0 0 0 0 0 0 0 0 0 0 0 0 0 356 356 356 356 356 356 356 356 0 0 0 0 0 0 0 0 0 0 0 0 0 0 0 0 0 0 0 0 0 0 0 0 0 0 0 0 0 0 0 0 0 0 0 0 0 0 364 364 364 364 364 364 0 0 0 0 0 0 0 0 0 0 0 0 0 0 0
0 0 0 0 0 0 0 0 0 0 0 0 0 0 0 0 0 0 0 0 0 0 0 0 0 0 0 0 0 0 0 0 0 0 0 0 0 0 0 0 0 0 0 0 0 0 0 0 0 0 148 148 148 148 95 95 95 95 0 0 0 0 0 0 0 0 0 0 0 0 0 0 0 0 0 0 0 0 0 0 0 0 0 0 0 0 0 0 376 376 376 376 0 0 0 0 0 0 0 0 0 0 0 351 351 351 351 351 0 0 0 0 0 0 0 439 439 439 439 439 0 0 0 0 0 0 0 0 0 0 0 0 0 356 356 356 356 356 356 356 356 0 0 0 0 0 0 0 0 0 0 0 0 0 0 0 0 0 0 0 0 0 0 0 0 0 0 0 0 0 0 0 0 0 0 0 0 0 0 364 364 364 364 364 364 0 364 364 364 364 0 0 0 0 0 0 0 0 0 0
0 0 0 0 0 0 0 0 0 0 0 0 0 0 0 0 43 43 43 43 43 0 0 0 0 0 0 0 0 0 0 0 0 0 0 0 0 0 0 0 0 0 0 0 0 0 0 0 0 148 148 148 148 148 95 95 95 95 0 0 0 0 0 0 0 0 0 0 0 0 0 0 0 0 0 0 0 0 0 0 0 0 0 0 0 0 0 0 376 376 376 376 0 0 0 0 0 0 0 0 0 0 0 351 351 351 351 351 0 0 0 0 0 0 0 439 439 439 439 439 0 0 0 0 0 356 356 356 356 356 356 356 0 356 356 356 356 356 356 356 356 0 0 0 0 0 0 0 0 0 0 0 0 0 0 0 0 0 0 0 0 0 0 0 0 0 0 0 0 0 0 0 0 0 0 0 0 0 0 364 364 364 364 364 364 0 364 364 364 364 0 0 0 0 0 0 0 0 0 0
0 0 0 0 0 0 0 0 0 0 0 0 0 0 0 0 43 43 43 43 43 0 0 0 0 0 0 0 0 0 0 0 0 0 0 0 0 0 0 0 0 0 0 0 0 0 0 0 0 148 148 148 148 148 95 95 95 95 0 0 0 0 0 0 0 0 0 0 0 0 0 0 0 0 0 0 0 0 0 0 0 0 0 0 0 0 0 0 376 376 376 376 0 0 0 0 0 0 0 0 0 0 0 351 351 372 372 351 0 0 0 0 0 0 0 439 439 439 439 439 0 0 0 0 0 356 356 356 356 356 356 356 0 356 356 356 356 356 356 356 356 0 0 0 0 0 0 0 0 0 0 0 0 0 0 0 0 0 0 0 0 0 0 0 0 0 0 0 0 0 0 0 0 0 0 0 0 0 0 364 364 364 364 364 364 0 364 364 364 364 0 0 0 0 0 0 0 0 0 0
0 0 0 0 0 0 0 0 0 0 0 0 0 0 0 0 43 43 43 0 0 0 0 0 0 0 0 0 0 0 0 0 0 0 0 0 0 0 0 0 0 0 0 0 0 0 0 148 0 0 148 148 148 148 0 0 0 0 0 0 0 0 0 0 0 0 0 0 0 0 0 0 0 0 0 0 0 0 0 0 0 0 0 0 0 0 0 0 376 376 376 376 0 0 376 376 376 0 0 0 0 0 0 351 351 372 372 351 0 0 0 0 0 0 0 439 439 0 0 0 0 0 0 0 0 356 356 356 356 356 356 356 0 356 356 356 356 356 356 356 356 0 0 0 0 0 0 0 0 0 0 0 0 0 0 0 0 0 0 0 0 0 0 0 0 0 0 0 0 0 0 0 0 0 0 0 0 0 0 364 364 364 364 364 364 0 364 364 364 364 0 0 0 0 0 0 0 0 0 0
0 0 471 471 471 0 0 0 0 0 0 0 0 0 0 0 43 43 43 0 0 0 0 0 0 0 0 0 0 0 0 0 0 0 0 0 0 0 0 0 0 0 0 0 0 0 95 148 0 0 148 148 148 148 0 0 0 0 0 0 0 0 0 0 0 0 0 0 0 0 0 0 0 0 0 0 0 0 0 0 0 0 0 0 0 0 0 0 376 376 376 376 0 0 376 376 376 0 0 0 0 0 0 351 351 372 372 351 0 0 0 0 0 0 0 0 0 0 0 0 0 0 0 0 0 356 356 356 356 356 356 356 0 356 356 356 356 356 356 356 356 0 0 0 0 0 0 0 0 0 0 0 0 0 0 0 0 0 0 0 0 0 0 0 0 0 0 0 0 0 0 0 0 0 0 0 0 0 0 364 364 364 364 364 364 0 364 364 364 364 0 0 0 0 0 0 0 0 0 0
0 0 471 471 471 0 0 0 0 0 0 0 0 0 0 0 0 0 0 0 0 0 0 0 0 0 0 0 0 0 0 0 0 0 0 0 0 0 0 0 0 0 0 0 0 0 0 148 0 0 0 0 0 0 0 0 0 0 0 0 0 0 0 0 0 0 0 0 0 0 0 0 0 0 0 0 0 0 0 0 0 0 0 0 0 0 0 0 376 376 376 376 0 0 376 376 376 0 0 0 351 351 351 351 351 351 351 351 0 0 0 0 0 0 0 0 0 0 0 0 0 0 0 0 0 356 356 356 356 356 356 356 0 0 0 0 0 0 0 0 0 0 0 0 0 0 0 0 0 0 0 0 0 0 0 0 0 0 0 0 0 431 431 431 431 431 431 0 0 0 0 0 0 0 0 0 0 0 0 364 364 364 364 364 364 364 364 364 364 364 364 364 364 364 364 0 0 0 0 0
0 0 471 471 471 0 0 0 0 0 0 0 0 0 0 0 0 0 0 0 0 0 0 0 0 0 0 0 0 0 0 0 0 0 0 0 0 0 0 0 0 0 0 0 0 0 0 148 0 0 0 0 0 0 0 0 0 0 0 0 0 0 0 0 0 0 0 0 0 0 0 0 0 0 0 0 0 0 0 0 0 0 0 0 0 0 0 0 376 376 376 376 0 0 376 376 376 0 0 0 351 351 351 0 0 0 0 0 0 0 0 0 0 0 0 0 0 0 0 0 0 0 0 0 0 356 356 356 356 356 356 356 0 0 0 0 0 0 0 0 0 0 91 91 91 91 91 91 0 0 0 0 0 431 431 431 431 431 431 0 0 431 431 431 431 431 431 0 0 0 0 0 0 0 0 0 0 0 0 364 364 364 364 364 364 364 364 364 364 364 364 364 364 364 364 0 0 0 0 0
0 0 0 0 0 0 0 0 0 0 0 0 0 0 0 0 0 0 0 0 0 0 0 0 0 0 0 0 0 0 0 0 0 0 0 0 0 0 0 0 0 0 0 0 0 0 0 148 0 0 0 0 0 0 0 0 0 0 0 0 0 0 0 0 0 0 0 0 0 0 0 0 0 0 0 0 0 0 0 0 0 0 0 0 0 0 0 0 376 376 376 376 0 376 376 376 376 0 0 0 351 351 351 0 0 0 0 0 0 0 0 0 0 0 0 0 0 0 0 0 0 0 439 0 0 356 356 356 356 356 356 356 0 0 0 0 0 0 0 0 0 0 91 91 91 91 91 91 0 0 0 0 0 431 431 431 431 431 431 0 0 431 431 431 431 431 431 0 0 0 0 0 0 0 0 0 0 0 0 0 0 0 0 364 364 364 364 364 364 364 364 364 364 364 364 0 0 0 0 0
0 0 0 0 0 0 0 0 0 0 0 0 0 0 0 0 0 0 0 0 0 0 0 0 0 0 0 0 0 0 0 0 0 0 0 0 0 0 0 0 0 0 496 148 148 148 148 148 0 0 0 0 0 0 0 0 0 0 0 0 0 0 0 0 0 0 0 0 0 0 0 172 172 0 0 0 0 0 0 0 0 0 0 0 0 0 0 0 376 376 376 376 0 376 376 376 376 0 0 0 351 351 351 0 0 372 372 372 372 0 0 0 0 0 0 0 0 0 0 0 0 0 439 0 0 0 0 0 0 0 0 0 0 0 0 0 0 0 0 0 0 0 91 91 91 91 91 91 0 0 0 0 0 431 431 431 431 0 0 0 0 431 431 431 431 431 431 0 0 0 0 0 0 0 0 0 0 0 0 0 0 0 0 364 364 364 364 364 364 364 364 364 364 364 364 0 0 0 0 0
0 0 0 0 0 0 0 0 0 0 0 0 0 0 0 0 0 0 0 0 0 0 0 0 0 0 0 0 0 0 0 0 0 496 496 496 0 0 0 0 0 496 496 148 148 148 148 148 0 0 0 0 0 0 0 0 0 0 0 0 0 0 0 0 0 0 0 0 0 0 0 172 172 0 0 0 0 0 0 0 0 0 0 0 0 0 0 0 0 0 0 0 0 376 376 376 376 0 0 0 351 351 351 0 0 372 372 372 372 0 0 0 0 0 0 0 0 439 439 439 439 0 0 0 0 0 0 0 0 0 0 0 0 0 0 0 0 0 0 0 0 0 91 91 91 91 91 91 0 0 0 0 0 431 431 431 431 0 0 0 0 431 431 431 431 431 431 0 0 0 0 0 0 0 0 0 0 0 0 0 0 0 0 364 364 364 364 364 364 364 364 364 364 364 364 0 0 0 0 0
0 0 0 0 0 0 0 0 0 471 471 0 0 0 0 0 0 0 0 0 0 102 102 102 102 102 102 0 0 0 0 0 0 496 496 496 0 0 0 0 0 496 496 148 148 148 148 148 0 0 0 0 0 0 0 0 0 0 0 0 0 0 0 0 0 0 0 0 0 0 0 172 172 0 0 0 0 0 0 0 0 0 0 0 0 0 0 0 0 0 0 0 0 376 376 376 376 0 0 0 376 376 376 0 0 372 372 372 372 0 0 0 372 372 372 0 0 439 439 439 439 0 0 0 0 0 0 0 0 0 0 0 0 0 0 0 0 0 0 0 0 0 91 91 91 91 91 91 0 0 0 0 0 431 431 431 431 0 0 0 0 0 0 0 0 0 0 0 0 0 0 0 405 405 405 405 405 0 0 0 364 364 364 364 364 364 364 364 364 364 364 364 364 364 364 0 0 0 0 0
0 0 0 0 0 471 471 471 471 471 471 471 471 471 471 471 471 471 471 471 0 102 102 102 102 102 102 0 0 0 0 0 0 496 496 496 0 0 0 0 0 496 496 148 148 148 148 148 148 148 148 0 0 0 0 0 0 0 0 0 0 0 0 0 0 0 0 0 0 0 0 172 172 0 0 0 0 0 0 0 0 0 0 0 0 0 0 0 0 0 0 0 0 376 376 376 376 0 0 0 376 376 376 376 376 372 372 372 372 0 0 0 372 372 372 0 0 439 439 439 439 0 0 0 0 0 0 0 0 0 0 0 0 0 0 0 0 0 0 0 0 0 91 91 91 91 91 91 0 0 0 0 0 431 431 431 431 0 0 0 0 0 284 284 284 284 284 284 284 284 0 0 405 405 405 405 405 0 0 0 364 364 364 364 364 364 364 364 364 364 364 364 364 364 364 0 0 0 0 0
0 0 0 0 0 471 471 471 471 471 471 0 0 0 0 471 471 471 471 471 0 102 102 102 102 102 102 0 0 0 0 0 0 0 0 0 0 0 0 0 0 496 496 496 496 148 148 148 148 148 148 0 0 0 0 0 0 0 0 0 0 0 0 0 0 0 0 0 0 0 0 172 172 0 0 0 0 0 0 0 0 0 0 0 0 0 0 0 0 0 0 0 0 376 376 376 376 0 0 0 376 376 376 376 376 0 0 0 0 0 0 0 372 372 372 0 0 439 439 439 439 0 0 0 0 0 0 0 0 0 0 0 356 356 356 356 356 356 356 356 356 356 91 91 91 91 91 91 0 0 0 0 0 0 0 0 0 0 0 0 0 0 0 284 284 0 284 284 284 284 0 0 0 405 405 405 405 0 0 0 0 364 364 364 364 364 364 364 364 364 364 364 364 364 364 0 0 0 0 0
0 0 0 0 0 471 471 471 0 0 0 0 0 0 0 0 0 0 471 471 0 102 102 102 102 102 102 0 0 0 0 0 0 0 0 0 0 83 83 83 83 83 83 83 83 148 148 148 148 148 148 0 0 0 0 0 0 0 0 0 0 0 0 0 0 0 0 0 0 0 0 172 172 0 0 0 0 0 0 0 0 0 0 0 0 0 0 0 0 0 0 0 0 376 376 376 376 0 0 0 376 376 376 376 376 0 0 0 0 0 0 0 0 0 0 0 0 439 439 439 439 439 439 0 416 0 0 0 0 0 0 356 356 356 356 356 356 356 356 356 356 356 186 91 91 0 0 0 0 0 0 0 0 0 0 0 0 0 0 0 0 0 0 284 284 0 284 284 284 284 0 0 0 405 405 405 405 405 0 0 0 0 0 364 364 364 364 364 364 364 364 364 364 364 364 0 0 0 0 0
0 0 0 0 0 471 471 471 0 0 0 0 0 0 0 0 0 0 471 471 0 102 102 102 102 102 102 0 0 496 496 496 496 496 0 0 0 83 83 83 83 83 83 83 83 148 148 148 148 148 148 83 83 0 0 0 0 0 0 0 0 0 0 0 0 0 0 0 0 0 0 172 172 0 0 0 0 0 0 0 0 0 0 0 0 0 0 0 0 0 0 0 0 376 376 376 376 376 376 376 376 376 376 376 376 0 0 0 0 0 0 0 0 0 0 0 0 439 439 439 439 439 439 0 0 0 0 0 0 0 0 356 356 356 356 356 356 356 356 356 356 356 186 91 91 0 0 0 0 0 0 0 0 0 0 0 0 0 0 0 0 0 0 284 284 0 0 0 0 0 0 0 0 405 405 405 405 0 0 0 0 0 0 364 364 364 364 364 364 364 364 364 364 364 364 0 0 0 0 0
0 0 0 0 0 471 471 471 0 0 0 0 0 0 0 0 0 0 471 471 0 0 0 102 102 102 102 0 0 496 0 496 496 496 0 0 0 83 83 83 83 83 83 83 83 148 148 148 148 148 148 83 83 0 0 0 0 0 0 0 0 0 0 0 0 0 0 0 0 0 0 0 0 0 0 0 0 0 0 0 0 0 0 0 0 0 0 0 0 0 0 0 0 376 376 376 376 376 376 376 376 376 376 376 376 0 0 0 0 0 0 0 0 0 0 0 0 439 439 439 439 439 439 0 0 0 0 0 0 0 0 356 356 356 356 356 356 356 356 356 356 356 186 91 91 0 0 0 0 0 0 0 0 0 0 0 0 0 0 0 0 0 0 284 284 0 0 0 0 0 0 0 0 405 405 405 405 0 0 0 0 0 0 364 364 364 364 364 364 364 364 364 364 364 364 0 0 0 0 0
0 0 0 0 0 471 471 471 0 0 0 0 0 0 0 0 0 0 471 471 0 0 0 102 102 102 102 0 0 496 0 496 496 496 0 0 0 0 0 83 83 83 83 83 83 83 83 83 83 83 83 83 83 0 0 0 0 0 0 0 0 0 0 0 0 0 0 0 0 0 0 0 0 0 0 0 0 0 0 0 0 0 0 0 0 0 0 0 0 0 0 0 0 376 376 376 376 376 376 376 376 376 376 376 376 0 0 0 0 0 0 0 0 0 0 0 0 0 0 0 0 0 0 0 0 0 0 0 0 0 416 356 356 356 356 356 356 356 356 356 356 356 186 91 91 0 0 0 0 0 0 0 0 0 0 0 0 0 0 0 0 0 0 284 284 0 0 0 0 0 0 0 0 405 405 405 405 0 0 0 0 0 0 0 0 0 0 0 0 0 0 0 0 0 0 0 0 0 0 0
0 0 0 0 0 471 471 471 0 0 0 0 0 0 0 0 0 0 0 0 0 0 0 0 0 0 0 0 0 496 496 496 496 496 0 0 0 0 0 83 83 83 83 83 83 83 83 83 83 83 83 83 83 0 0 0 0 0 0 0 0 0 0 0 0 0 0 0 0 309 309 309 172 0 0 0 0 0 0 0 0 0 0 0 0 0 0 0 0 0 0 0 0 0 0 0 0 0 0 0 0 0 0 0 0 0 0 0 0 0 0 0 0 0 0 0 0 0 0 0 0 0 0 0 0 0 0 0 0 0 416 356 356 356 356 356 356 356 356 356 356 356 186 91 91 0 0 0 0 91 0 0 0 0 0 0 0 0 0 0 0 0 0 284 284 0 0 0 0 0 0 0 0 405 405 405 405 0 0 0 0 0 0 0 0 0 0 0 0 0 0 0 0 0 0 0 0 0 0 0
0 0 0 0 0 471 471 471 0 0 0 0 0 0 261 261 261 261 261 261 261 261 0 0 0 0 0 0 0 496 496 496 496 496 0 0 0 0 0 83 83 83 83 83 83 83 83 83 83 83 83 83 83 0 0 0 0 0 0 0 0 0 0 0 0 0 0 0 0 309 309 309 172 0 0 0 0 0 0 0 0 0 0 0 0 0 0 0 0 0 0 0 0 0 0 0 0 0 0 0 0 0 0 0 0 0 0 0 0 0 0 0 0 0 0 0 0 0 0 0 0 0 0 0 0 0 0 0 0 0 416 356 356 356 356 356 356 356 356 356 356 356 186 91 91 0 0 0 0 91 0 0 0 0 0 0 0 0 0 0 0 0 0 284 284 0 0 0 0 0 0 0 0 405 405 405 405 0 0 0 0 0 0 0 0 0 0 0 0 0 0 0 0 0 0 0 0 0 0 0
0 0 0 0 0 471 471 261 0 0 0 0 0 0 261 261 261 261 261 261 261 261 0 0 0 0 0 0 0 0 496 496 496 496 496 496 496 496 496 83 83 83 83 83 83 83 83 83 83 83 83 83 83 0 0 0 0 0 0 0 0 0 0 0 0 0 0 0 0 130 130 82 82 0 0 0 0 0 0 0 0 0 0 0 0 0 0 0 0 0 0 0 0 0 0 0 0 0 0 0 0 0 0 0 0 0 0 0 0 0 0 0 0 0 0 0 0 0 0 0 0 0 0 0 0 0 0 0 0 0 416 356 356 356 356 356 356 356 356 356 356 356 91 91 91 0 0 0 0 91 0 0 0 0 0 0 0 0 0 0 0 0 0 284 284 284 0 0 0 0 0 405 405 405 405 405 405 0 0 0 0 0 0 0 0 0 0 0 0 0 0 0 0 0 0 0 0 0 0 0
0 0 0 0 0 471 471 261 0 0 0 0 0 0 261 261 261 261 261 261 261 261 0 0 0 0 0 0 0 0 496 496 496 496 496 496 496 496 496 83 83 83 83 83 83 83 83 83 83 83 83 83 83 83 83 83 83 83 83 83 83 83 83 83 83 0 0 0 0 130 130 82 82 0 0 0 0 0 0 0 0 0 0 0 0 0 0 0 0 0 0 0 0 0 0 0 0 0 0 0 0 0 0 0 0 0 0 0 0 0 0 0 0 0 0 0 0 0 0 0 0 0 0 0 0 0 0 0 0 0 416 416 416 416 416 416 416 416 416 416 91 91 91 91 91 0 0 0 0 91 0 0 0 0 0 0 0 0 0 284 284 284 284 284 284 0 0 0 0 0 0 0 0 0 0 0 0 0 0 0 0 0 0 0 0 0 0 0 0 0 0 0 0 0 0 0 0 0 0 0
0 0 0 0 0 0 0 261 0 0 0 0 0 0 261 261 261 261 261 261 261 261 0 0 0 0 0 0 0 496 496 496 496 496 496 496 496 496 496 83 83 83 83 83 83 83 83 83 83 83 83 83 83 83 83 83 83 83 83 83 83 83 83 83 83 0 0 0 0 130 130 82 82 0 0 0 0 0 0 0 0 0 0 0 0 0 0 0 0 0 0 0 0 0 0 0 0 0 0 0 0 0 0 0 0 0 0 0 0 0 0 0 0 0 0 0 0 0 0 0 0 0 0 0 0 0 0 0 0 0 416 416 416 416 416 416 416 416 416 416 91 91 91 91 91 0 0 0 0 91 0 0 0 0 0 0 0 0 0 284 284 284 0 284 284 0 0 0 0 0 0 0 0 0 0 0 126 126 126 126 126 126 126 126 0 0 0 0 0 0 0 0 0 0 0 0 0 0 0 0
0 0 0 0 0 0 0 0 0 0 0 0 0 0 261 261 261 261 261 261 261 261 0 0 0 0 0 498 498 0 0 0 0 496 496 496 496 496 496 83 83 83 83 83 83 83 83 83 83 83 83 83 83 83 83 83 83 83 83 83 83 83 83 83 83 0 0 0 0 130 130 82 82 82 82 82 0 0 0 0 0 0 0 0 0 0 0 0 0 0 0 0 0 0 0 0 0 0 0 0 0 0 0 0 0 0 0 0 0 0 0 0 0 0 0 0 0 0 0 0 0 0 0 0 0 0 0 0 0 0 0 0 0 0 0 0 0 0 0 0 0 0 0 0 0 0 0 0 0 0 0 0 0 0 0 0 0 0 0 284 284 284 0 284 284 284 0 0 0 0 0 0 0 0 0 0 126 126 126 126 126 126 126 126 0 0 0 0 0 0 0 0 0 0 0 0 0 0 0 0
0 0 0 0 0 0 0 0 0 0 0 0 0 0 261 261 261 261 261 261 261 261 0 0 0 0 0 498 498 0 0 0 0 496 496 496 496 83 83 83 83 83 83 83 83 83 83 83 83 83 83 83 83 83 83 83 83 0 0 0 0 0 0 0 0 0 0 0 0 130 130 82 82 82 82 82 0 0 0 0 0 0 0 0 0 0 0 0 0 0 0 0 0 0 0 0 0 0 0 0 0 0 0 0 0 0 0 0 0 0 0 0 0 0 0 0 0 0 0 0 0 0 0 0 0 0 0 91 91 91 0 0 0 0 0 0 0 0 0 0 0 0 0 0 0 0 0 0 0 0 0 0 0 0 0 0 0 0 0 284 284 284 0 0 0 0 0 0 0 0 0 0 0 0 0 0 126 126 126 126 126 126 126 126 0 0 0 0 0 0 0 0 0 0 0 0 0 0 0 0
0 0 0 0 0 0 0 0 0 0 0 261 261 261 261 261 261 261 261 261 261 261 0 0 0 0 0 478 478 478 0 0 0 496 496 496 496 83 83 83 83 0 0 83 83 83 83 83 83 83 83 83 83 83 83 83 83 0 0 0 0 0 0 0 130 130 130 130 130 130 130 82 82 82 82 82 0 0 0 0 0 0 0 0 0 0 0 0 0 0 0 0 0 0 0 0 0 0 0 0 0 0 0 0 0 0 0 0 0 0 0 0 0 0 0 0 0 0 0 0 0 0 0 0 0 0 0 91 91 91 0 0 0 0 0 0 0 0 0 0 0 0 0 0 0 0 0 0 0 0 0 0 0 0 0 0 0 0 0 0 0 0 0 0 0 0 0 0 0 0 0 0 0 0 0 0 126 126 126 126 126 126 126 126 0 0 0 0 0 0 0 0 0 0 0 0 0 0 0 0
0 0 0 0 0 0 0 0 0 0 0 261 261 261 261 261 261 261 261 261 261 261 0 0 0 0 0 478 478 478 0 0 0 0 0 0 0 83 83 83 83 0 0 0 0 0 0 0 83 83 83 83 83 83 83 83 83 0 0 0 0 0 0 0 0 0 130 130 130 130 130 82 82 82 82 82 0 0 0 0 0 0 0 0 0 0 0 0 0 0 0 0 0 0 0 0 0 0 0 0 0 0 0 0 0 0 0 0 0 0 0 0 0 0 0 0 0 0 0 0 0 0 0 0 0 0 0 0 0 0 0 0 0 0 0 0 0 0 0 0 0 0 0 0 0 0 0 0 0 0 0 0 0 0 0 0 0 0 0 0 0 0 0 0 0 0 0 0 0 0 0 0 0 0 0 0 126 126 126 126 126 126 126 126 0 0 0 0 0 0 0 0 0 0 0 0 0 0 0 0
0 0 0 0 0 0 0 0 0 0 0 261 261 261 261 261 261 261 261 261 261 261 0 0 0 0 0 478 478 478 0 0 0 0 0 0 0 83 83 83 83 0 0 0 0 0 0 0 83 83 83 83 83 83 0 0 473 473 473 473 473 473 0 130 0 0 130 130 130 130 130 82 82 82 82 82 0 0 0 0 0 0 0 0 0 0 0 0 0 0 0 0 0 0 0 0 0 0 0 0 0 0 0 0 0 0 0 0 0 0 0 0 0 0 0 0 0 0 0 0 0 0 0 0 0 0 0 0 0 0 0 0 0 0 0 0 0 0 0 0 0 0 0 0 0 0 0 0 0 0 0 0 0 0 0 0 0 0 0 0 0 0 0 0 0 0 0 0 0 0 0 0 0 0 0 0 126 0 0 0 126 126 126 126 0 0 0 0 0 0 0 0 0 0 0 0 0 0 0 0
0 0 0 0 0 0 0 0 0 0 0 261 261 261 261 261 261 261 261 261 261 261 0 0 0 0 0 478 478 478 0 0 0 0 0 0 0 0 0 0 0 0 0 0 0 0 0 0 83 83 83 83 83 83 130 130 130 130 473 473 473 473 82 0 0 0 0 0 0 82 82 82 82 82 82 82 0 0 0 0 0 0 0 0 0 0 0 0 0 0 0 0 0 0 0 0 0 0 0 0 0 0 0 0 0 0 0 0 0 0 0 0 0 0 0 0 0 0 0 0 0 0 0 0 0 0 0 0 0 0 0 0 0 0 0 0 0 0 0 0 0 0 0 0 0 0 0 0 0 0 0 0 0 0 0 0 0 0 0 0 0 0 0 0 0 0 0 0 0 0 0 0 0 0 0 0 126 0 0 0 126 126 126 126 494 494 0 0 0 0 0 0 0 0 0 0 0 0 0 0
0 0 0 0 0 0 0 0 0 0 0 0 0 0 0 0 261 261 261 261 261 261 0 0 0 0 478 478 478 478 0 0 0 0 0 0 0 0 0 0 0 0 0 0 0 0 0 0 83 83 83 83 83 83 130 130 130 130 473 473 473 130 130 130 130 130 130 130 130 130 130 130 130 130 0 0 0 0 0 0 0 0 0 0 0 0 0 0 0 0 0 0 0 0 0 0 0 0 0 0 0 0 0 0 0 0 0 0 0 0 0 0 0 0 0 0 0 0 0 0 0 0 0 0 0 0 0 0 0 0 0 0 0 0 0 0 0 0 0 0 0 0 0 0 0 0 0 0 0 0 0 0 0 0 0 0 0 0 0 0 0 0 0 0 0 0 0 0 0 0 0 0 0 0 0 0 126 0 0 0 0 0 0 126 494 494 0 0 0 0 0 0 0 0 0 0 0 0 0 0
0 0 0 0 0 0 0 0 0 0 0 0 0 0 0 0 0 0 0 0 0 0 0 0 0 0 478 478 478 478 0 0 0 0 0 0 0 0 0 0 0 0 0 0 0 0 0 0 83 83 83 83 83 83 0 0 0 0 473 473 473 130 130 130 130 130 130 130 130 130 130 130 130 130 0 0 0 0 0 0 0 0 0 0 0 0 0 280 280 280 0 0 0 0 0 0 0 0 0 0 0 0 0 0 0 0 0 0 0 0 0 0 0 0 0 0 0 0 0 0 0 0 0 0 0 0 0 0 0 0 0 0 0 0 0 0 0 0 0 0 0 0 0 0 0 0 0 0 0 0 0 0 0 0 0 0 0 0 0 0 0 0 0 0 0 0 0 0 0 0 0 0 0 0 0 0 126 126 0 0 0 0 0 126 494 494 0 0 0 0 0 0 0 0 0 0 0 0 0 0
0 0 0 0 0 0 0 0 0 0 0 0 0 0 0 0 0 0 0 0 0 0 0 0 0 0 0 0 0 0 0 0 0 0 0 0 0 0 0 0 0 0 0 0 0 0 0 0 0 0 0 0 0 0 0 0 0 0 473 473 473 130 130 130 130 130 130 130 130 130 130 130 130 130 0 0 0 0 0 0 0 0 0 0 0 0 0 280 280 280 0 0 0 0 0 0 0 0 0 0 0 0 0 0 0 0 0 0 0 0 0 0 0 0 0 0 0 0 0 0 0 0 0 0 0 0 0 0 0 0 0 0 0 0 0 0 0 0 0 0 0 0 0 0 0 0 0 0 0 0 0 0 0 0 0 0 0 0 0 0 0 0 0 0 0 0 0 0 0 0 0 0 0 0 0 0 126 126 0 0 0 0 0 126 494 0 0 0 0 0 0 0 0 0 0 0 0 0 0 0
0 0 0 0 0 0 0 0 0 0 0 0 0 0 0 0 0 0 0 0 0 0 0 0 0 0 0 0 0 0 0 0 0 0 0 0 0 0 0 0 0 0 0 0 0 0 0 0 0 0 0 0 0 0 0 0 0 0 0 0 0 130 130 130 130 0 0 0 0 0 130 130 130 130 0 0 0 0 0 0 0 0 0 0 0 0 0 280 280 280 0 0 0 0 0 0 0 0 0 0 0 0 0 0 0 0 0 0 0 0 0 0 0 0 0 0 0 0 0 0 0 0 0 0 0 0 0 0 0 0 0 0 0 0 0 0 0 0 0 0 0 0 0 0 0 0 0 0 0 0 0 0 0 0 0 0 0 0 0 0 0 0 0 0 0 0 0 0 0 0 0 0 0 0 0 0 0 0 0 0 0 0 0 0 494 0 0 0 0 0 0 0 0 0 0 0 0 0 0 0
0 0 0 0 0 0 0 0 0 0 0 0 0 0 0 0 0 0 0 0 0 0 0 0 0 478 478 478 478 478 0 0 0 0 0 0 0 0 0 0 0 0 0 0 0 0 0 0 0 0 0 0 0 0 425 425 425 425 425 425 425 130 130 130 130 0 0 0 0 0 130 130 130 130 0 0 0 0 0 0 0 0 0 0 0 0 0 280 280 280 0 0 0 0 0 0 0 0 0 0 0 0 0 0 0 0 0 0 0 0 0 0 0 0 0 0 0 0 0 0 0 0 0 0 0 0 0 0 0 0 0 0 0 0 0 0 0 0 0 0 0 0 0 0 0 0 0 0 0 0 0 0 0 0 0 0 0 0 0 0 0 0 0 0 0 0 0 0 0 0 0 0 0 0 0 0 0 0 0 0 0 0 0 0 0 0 0 0 0 0 0 0 0 0 0 0 0 0 0 0
0 0 0 0 0 0 0 0 0 0 0 0 0 0 0 0 0 0 0 0 0 0 0 0 0 478 478 478 478 478 0 0 0 0 0 0 0 0 0 0 0 0 0 0 0 0 0 0 0 0 0 0 0 425 425 425 425 425 425 425 425 130 130 130 130 0 0 0 0 0 130 130 130 130 0 0 0 0 0 0 0 0 0 0 0 0 0 280 280 280 0 0 0 0 0 0 0 0 0 0 0 0 0 0 0 0 0 0 0 0 0 0 0 0 0 0 0 0 0 0 0 0 0 0 0 0 0 0 0 0 0 0 0 0 0 0 0 0 0 0 0 0 0 0 0 0 0 0 0 0 0 0 0 0 0 0 0 0 0 0 0 0 0 0 0 0 0 0 0 0 0 192 0 0 192 0 0 0 0 0 0 126 126 126 0 0 0 0 0 0 0 0 0 0 0 0 0 0 0 0
0 0 0 0 0 0 0 0 0 0 0 0 0 0 0 0 353 353 353 353 353 353 353 353 0 478 478 478 478 478 478 478 478 478 0 0 0 0 0 0 0 0 0 0 0 0 0 0 0 0 0 0 0 425 425 425 425 425 425 425 425 130 130 130 130 0 425 425 425 425 425 425 425 425 425 0 0 0 0 0 0 0 0 0 0 0 0 0 0 0 0 0 0 0 0 0 0 0 0 0 0 0 0 0 0 0 0 0 0 0 0 0 0 0 0 0 0 0 0 0 0 0 0 0 0 0 0 0 0 0 0 0 0 0 0 0 0 0 0 0 0 0 0 0 0 0 0 0 0 0 0 0 0 0 0 0 0 0 0 0 0 0 0 0 0 0 0 0 0 0 0 192 0 0 192 0 0 0 0 0 0 126 126 126 0 0 0 0 0 0 0 0 0 0 0 0 0 0 0 0
0 0 0 0 0 0 0 0 0 0 0 0 0 0 0 0 353 353 353 353 353 353 353 353 478 478 478 478 478 478 478 478 478 478 0 0 0 0 0 0 0 0 0 0 0 0 0 0 0 0 0 0 0 425 425 425 425 425 425 425 425 130 130 130 130 425 425 425 425 425 425 425 425 425 425 0 0 0 0 0 0 0 0 0 0 0 0 0 0 0 0 0 280 280 0 0 0 0 0 0 0 0 0 0 0 0 0 0 0 0 0 0 0 0 0 0 0 0 0 0 0 0 0 0 0 0 0 0 0 0 0 0 0 0 0 0 0 0 0 0 0 0 0 0 0 0 0 0 0 0 0 0 0 0 0 0 0 0 0 0 0 0 0 0 0 0 0 0 0 0 0 192 0 0 192 0 0 0 0 0 0 126 126 126 0 0 0 0 0 0 0 0 0 0 0 0 0 0 0 0
0 0 0 0 0 0 0 0 0 0 0 0 0 0 0 0 353 353 353 353 353 353 353 353 478 478 478 0 0 0 0 0 0 0 0 0 0 0 0 0 0 0 272 272 272 272 0 0 0 0 0 0 0 425 425 425 425 425 425 425 425 425 425 425 425 425 425 425 425 425 425 425 425 425 425 0 0 0 0 0 0 0 0 0 0 0 0 0 0 0 0 0 280 280 0 0 0 0 0 0 0 0 0 0 0 0 0 0 0 0 0 0 0 0 0 0 0 0 0 0 0 0 0 0 0 0 0 0 0 0 0 0 0 0 0 0 0 0 0 0 0 0 0 0 0 0 0 0 0 0 0 0 0 0 0 0 0 0 0 0 0 0 0 0 0 0 0 0 0 0 0 192 0 0 192 0 0 0 0 0 0 126 126 126 0 0 0 0 0 0 0 0 0 0 0 0 0 0 0 0
0 0 0 0 0 0 0 0 0 0 0 0 0 0 0 0 353 353 353 353 353 353 353 353 478 478 478 0 0 0 0 0 0 0 0 0 284 284 284 284 284 284 284 284 284 0 0 0 0 0 0 0 0 425 425 425 425 425 425 425 425 425 425 425 425 425 425 425 425 425 425 425 425 425 425 0 0 0 0 0 0 0 0 0 0 0 0 0 0 0 0 0 280 280 0 0 0 0 0 0 0 0 0 0 0 0 0 0 0 0 0 0 0 0 0 0 0 0 0 0 0 0 0 0 0 0 0 0 0 0 0 0 0 0 0 0 0 0 0 0 0 0 0 0 0 0 0 0 0 0 0 0 0 0 0 0 0 0 0 0 0 0 0 0 0 0 0 0 0 0 0 0 0 0 192 0 0 0 0 0 0 126 126 126 0 0 0 0 0 0 0 0 0 0 0 0 0 0 0 0
0 0 0 0 0 0 0 0 0 0 0 0 0 0 0 0 353 353 353 353 353 353 353 353 0 0 0 0 0 0 0 0 0 0 0 0 0 0 284 284 284 284 284 284 284 0 0 0 0 0 0 0 0 425 425 425 425 425 425 425 425 425 425 425 425 425 425 425 425 425 425 425 425 425 425 0 0 0 0 0 0 0 0 0 0 0 0 0 0 0 0 0 0 0 0 0 0 0 0 0 0 0 0 0 0 0 0 0 0 0 0 0 0 0 0 0 0 0 0 0 0 0 0 0 0 0 0 0 0 0 0 0 0 0 0 0 0 0 0 0 0 0 0 0 0 0 0 0 0 0 0 0 0 0 0 0 0 0 0 0 0 0 0 0 0 0 0 0 0 0 0 0 0 0 192 0 0 0 0 0 0 126 126 126 0 0 0 0 0 192 0 0 0 0 0 0 0 0 0 0
0 0 0 0 0 0 0 0 0 0 0 0 0 0 0 0 353 353 353 353 353 353 353 353 0 0 0 0 0 0 0 0 0 0 0 0 0 0 0 0 0 0 0 284 284 0 0 0 0 0 0 0 0 425 425 425 425 425 425 425 425 425 425 425 425 425 425 425 425 425 425 425 425 425 425 0 0 0 0 0 0 0 0 0 0 0 0 0 0 0 0 0 0 0 0 0 0 0 0 0 0 0 0 0 0 0 0 0 0 0 0 0 0 0 0 0 0 0 0 0 0 0 0 0 0 0 0 0 0 0 0 0 0 0 0 0 0 0 0 0 0 0 0 0 0 0 0 0 0 0 0 0 0 0 0 0 0 0 0 0 0 0 0 0 0 0 0 0 0 0 0 0 0 0 192 0 0 0 0 0 0 126 126 126 0 0 0 0 0 192 0 0 0 0 0 0 0 0 0 0
0 0 0 0 0 0 0 0 0 0 0 0 0 0 0 0 353 353 353 353 353 353 353 353 0 0 0 0 0 0 0 0 0 0 0 0 0 0 0 0 0 0 0 284 284 272 272 272 272 272 0 0 328 425 425 425 425 425 425 425 425 425 425 425 425 425 425 425 425 425 425 425 425 425 425 0 0 0 0 0 0 0 0 0 0 0 0 0 0 0 0 0 0 0 0 0 0 0 0 0 0 0 0 0 0 0 0 338 338 0 0 0 0 0 0 0 0 0 0 0 0 0 0 0 0 0 0 0 0 0 0 0 0 0 0 0 0 0 0 0 0 0 0 0 0 0 0 0 0 0 0 0 0 0 0 0 0 0 0 0 0 0 0 0 0 0 0 0 0 0 0 0 0 0 192 0 0 0 0 0 0 0 0 0 0 0 0 0 0 192 0 0 0 0 0 0 0 0 0 0
0 0 0 0 0 0 0 0 0 0 0 0 0 0 0 0 353 353 353 353 353 353 353 353 0 0 0 0 0 0 0 0 0 0 0 0 0 0 0 0 0 0 0 284 284 272 272 272 272 272 0 0 328 425 425 425 425 425 425 425 425 425 425 425 425 425 425 425 425 425 425 425 425 425 425 0 0 0 0 0 0 0 0 0 0 0 0 0 0 0 0 95 95 95 95 95 0 0 0 0 0 0 0 0 0 0 0 338 338 338 338 338 0 0 0 0 0 0 0 0 0 0 0 0 0 0 0 0 0 0 0 0 0 0 0 0 0 0 0 0 0 0 0 0 0 0 0 0 0 0 0 0 0 0 0 0 0 0 0 0 0 0 0 0 0 0 0 0 0 0 0 0 0 0 0 0 0 0 0 0 0 192 192 192 192 192 192 192 192 192 0 0 0 0 0 0 0 0 0 0
0 0 0 0 0 0 0 0 0 0 0 0 0 0 0 0 353 353 353 353 353 353 353 353 0 0 0 0 0 0 0 0 0 0 0 0 0 0 0 0 0 0 0 284 284 272 272 272 272 272 0 0 328 425 425 425 425 425 425 425 425 425 425 425 425 425 425 425 425 425 425 425 425 425 425 0 0 0 0 0 0 0 0 0 0 0 0 0 0 0 0 95 95 95 95 95 0 0 0 0 0 338 338 0 0 0 0 338 338 338 338 338 0 0 0 0 0 0 0 0 0 0 0 344 344 344 344 344 344 344 344 0 0 0 0 0 0 0 0 0 0 0 0 0 0 0 0 0 0 0 0 0 0 0 0 0 0 0 0 0 0 0 0 0 0 0 0 0 0 0 0 0 0 0 0 0 0 0 0 0 192 192 192 192 192 192 192 192 192 192 0 0 0 0 0 0 0 0 0 0
0 0 0 0 0 0 0 0 0 0 0 0 0 0 0 0 353 353 353 353 353 353 353 353 0 0 0 0 0 355 355 0 0 0 0 0 0 0 0 0 0 0 0 284 284 272 272 272 272 272 0 0 328 425 425 425 425 425 425 425 425 425 425 425 425 425 425 425 425 425 425 425 425 425 425 0 0 0 0 0 0 0 0 0 0 0 0 0 0 0 0 95 95 95 95 95 404 404 404 404 404 338 338 0 0 0 0 338 338 338 338 338 404 0 0 0 0 0 0 0 0 0 0 344 344 344 344 344 344 344 344 0 0 0 0 0 0 0 0 0 0 0 0 0 0 0 0 0 0 0 0 0 0 0 0 0 0 0 0 0 0 0 0 0 0 0 0 0 0 0 0 0 0 0 0 0 0 0 0 0 192 192 192 192 192 192 192 192 192 192 0 0 0 0 0 0 0 0 0 0
0 0 0 0 0 0 0 0 0 0 0 0 0 0 0 0 353 353 353 353 353 353 353 353 0 0 0 0 0 355 355 0 0 0 0 0 0 0 0 0 0 0 0 284 284 272 272 272 272 272 0 0 328 425 425 425 425 425 425 425 425 425 425 425 425 425 425 425 425 425 425 0 0 0 0 0 0 0 0 0 0 0 0 0 0 0 0 0 0 0 0 95 95 95 95 95 0 0 0 0 0 338 338 404 404 338 338 338 338 338 338 338 404 0 0 0 0 0 0 0 0 0 0 344 344 344 344 344 344 344 344 344 344 0 0 0 0 0 0 0 0 0 0 0 0 0 0 0 0 0 0 0 0 0 0 0 0 0 0 0 0 0 0 0 0 0 0 0 0 0 0 0 0 0 0 0 0 0 0 0 192 192 192 192 192 192 192 192 192 192 0 0 0 0 0 0 0 0 0 0
0 0 0 0 0 0 0 0 0 0 0 0 0 0 0 0 0 0 0 0 0 0 0 0 0 0 0 0 0 355 355 0 0 0 0 0 0 0 0 0 0 0 0 284 284 0 0 0 272 272 0 0 328 425 425 425 425 425 425 425 425 425 425 425 425 425 425 425 425 425 425 0 0 0 0 0 0 0 0 0 0 0 0 0 0 0 0 0 0 0 0 95 95 95 95 95 0 0 0 0 0 338 338 404 404 338 338 338 338 338 338 338 404 0 0 0 0 0 0 0 0 0 0 344 344 344 344 344 344 344 344 344 344 0 0 0 0 0 0 0 0 0 0 0 0 0 0 0 0 0 0 0 0 0 0 0 0 0 0 0 0 0 0 0 0 0 0 0 0 0 0 0 0 0 0 0 0 0 0 0 192 192 192 192 192 192 192 192 192 192 0 0 0 0 0 0 0 0 0 0
0 0 0 0 0 0 0 0 0 0 0 0 0 0 0 0 0 0 0 0 0 0 0 0 0 0 0 0 0 355 355 0 0 0 0 0 0 0 0 0 0 0 0 284 284 0 0 0 0 0 0 0 0 328 328 328 328 328 0 0 425 425 425 425 425 425 425 425 425 425 425 0 0 0 0 0 0 0 0 0 0 0 0 0 0 0 0 0 0 0 0 95 95 95 95 95 0 0 0 0 0 338 338 338 338 338 338 338 338 338 338 0 0 0 0 0 0 0 0 0 344 344 344 344 344 344 344 344 344 344 344 344 344 0 0 0 0 0 0 0 0 0 0 0 0 0 0 0 0 0 0 0 0 0 0 0 0 0 0 0 0 0 0 0 0 0 0 0 0 0 0 0 0 0 0 0 0 0 0 0 192 192 192 192 192 192 192 192 192 192 0 0 0 0 0 0 0 0 0 0
0 0 0 0 0 0 0 0 0 0 0 0 0 0 0 0 0 0 0 0 0 0 0 0 0 0 0 0 284 284 284 284 284 284 0 0 0 0 284 284 284 328 328 328 328 0 0 0 328 328 0 0 0 328 328 328 328 328 0 0 425 425 425 425 425 425 425 425 425 425 425 0 0 0 0 0 0 0 0 0 0 0 0 0 0 0 0 0 0 0 0 404 404 404 95 95 0 0 0 0 0 338 338 338 338 338 338 338 338 338 338 0 0 0 0 0 0 0 0 0 0 344 344 344 344 344 344 344 344 344 344 344 344 0 0 0 0 0 0 0 0 0 0 0 0 0 0 0 0 0 0 0 0 0 0 0 0 0 0 0 0 0 0 0 0 0 0 0 0 0 0 0 0 0 0 0 0 0 0 0 0 0 0 0 0 0 0 0 0 0 0 0 0 0 0 0 0 0 0 0
0 0 0 0 0 0 0 0 0 0 0 0 0 0 0 0 0 0 0 0 0 0 0 0 0 0 0 0 284 284 284 284 284 284 0 0 0 0 284 284 284 328 328 328 328 0 0 0 328 328 0 0 0 328 328 328 328 328 0 0 425 425 425 425 425 425 425 425 425 425 425 0 0 0 0 0 0 0 0 0 0 0 0 0 0 0 0 0 0 0 0 404 404 404 95 95 0 0 0 0 0 338 338 338 338 338 338 338 338 338 338 0 0 0 0 0 0 0 0 0 0 344 344 344 344 344 344 344 344 344 344 344 344 0 0 0 0 322 0 0 0 0 0 0 0 0 0 0 0 0 0 0 0 0 0 0 0 0 0 0 0 0 0 0 0 0 0 0 0 0 0 0 0 0 0 0 0 0 0 0 0 0 0 0 0 0 0 0 0 0 0 0 0 0 0 0 0 0 0 0
0 0 0 0 0 0 0 0 0 0 0 0 0 0 0 0 0 0 0 0 0 0 0 0 0 0 0 0 284 284 284 284 284 284 0 0 0 0 284 284 284 328 328 328 328 328 328 328 328 328 0 0 0 328 328 328 328 328 0 0 425 425 425 425 425 425 425 425 425 425 425 0 0 0 0 0 0 0 0 0 0 0 0 0 0 0 0 0 0 0 0 404 404 404 95 95 0 0 0 0 0 338 338 338 338 338 338 338 338 338 338 0 0 0 0 0 0 0 0 0 0 344 344 344 344 344 344 344 344 344 344 344 344 0 0 0 0 322 0 0 0 0 0 0 0 0 0 0 0 0 0 0 0 0 0 0 0 0 0 0 0 0 0 0 0 0 0 0 0 0 0 0 0 0 0 0 0 0 0 0 0 0 0 0 0 0 0 0 0 0 0 0 0 0 0 0 0 0 0 0
0 0 0 0 0 0 0 0 0 0 0 0 0 0 0 0 0 0 0 0 0 0 0 0 0 0 284 284 284 284 284 284 284 284 0 0 0 0 284 284 284 328 328 328 328 328 328 328 328 328 0 0 0 328 328 328 328 328 0 0 425 425 425 425 425 425 425 425 425 425 425 0 0 0 0 0 0 0 0 0 0 0 0 0 0 0 0 0 0 0 0 404 404 404 95 95 0 0 0 0 0 338 338 338 338 338 338 338 338 338 338 0 0 0 0 0 0 0 0 0 0 344 344 344 344 344 344 344 344 344 344 344 344 0 0 0 0 322 0 0 0 0 0 0 0 0 0 0 0 0 0 0 0 0 0 0 0 0 0 0 0 0 0 0 0 0 0 0 0 0 0 0 0 0 0 0 0 0 0 0 0 0 0 0 0 0 0 0 0 0 0 0 0 0 0 0 0 0 0 0
0 0 0 0 0 0 0 0 0 0 0 0 0 0 0 0 0 0 0 0 0 0 0 0 0 0 284 284 284 284 284 284 284 284 0 0 0 0 284 284 284 328 328 328 328 328 328 328 328 328 0 0 0 328 328 328 328 328 0 0 425 425 425 425 425 425 425 425 425 425 425 0 0 0 0 0 0 0 0 0 0 0 0 0 0 0 0 0 0 0 0 95 95 95 95 95 404 404 404 404 404 338 338 338 338 338 338 338 338 338 338 0 0 0 0 0 0 0 0 0 344 344 344 344 344 344 344 344 344 344 344 344 344 0 0 0 0 322 0 0 0 0 0 0 0 0 0 0 0 0 0 0 0 0 0 0 0 0 0 0 0 0 0 0 0 0 0 0 0 0 0 0 0 0 0 0 0 0 0 0 0 0 0 0 0 0 0 0 0 0 0 0 0 0 0 0 0 0 0 0
0 0 0 0 0 0 0 0 0 0 0 0 0 0 0 0 0 0 0 0 0 0 0 0 0 0 284 284 284 284 284 284 284 284 0 0 0 0 284 284 305 328 328 328 328 328 328 328 328 328 0 0 0 328 328 328 328 328 0 0 243 243 0 0 0 0 0 0 0 0 0 0 0 0 0 0 0 0 0 0 0 0 0 0 0 0 0 0 0 0 0 95 95 95 95 95 404 404 404 404 404 338 338 338 338 338 338 338 338 338 338 0 0 0 0 0 0 0 0 0 0 0 0 0 0 344 344 344 344 344 344 344 344 0 0 0 322 322 0 322 322 322 322 322 322 322 322 322 322 0 0 0 0 0 0 0 0 0 0 0 0 0 0 0 0 0 0 226 226 226 226 226 226 226 0 0 0 0 0 0 0 0 0 0 0 0 0 0 0 0 0 0 0 0 0 0 0 0 0 0
0 0 0 0 0 0 0 0 0 0 0 0 0 0 0 0 0 0 0 0 0 0 0 0 0 0 0 0 0 0 0 0 0 0 0 0 0 0 284 284 305 328 328 328 328 328 328 328 328 328 0 0 0 0 0 0 0 0 0 0 0 0 0 0 0 0 0 0 0 0 0 0 0 0 0 0 0 0 0 0 0 0 0 0 0 0 0 0 0 0 0 95 0 95 95 95 404 404 404 404 404 338 338 338 338 338 338 338 338 338 338 0 0 0 0 0 0 0 0 0 344 344 0 0 0 344 344 344 344 344 344 344 344 0 0 0 322 322 0 322 322 322 322 322 322 322 322 322 322 0 0 0 0 0 0 0 0 0 0 0 0 0 0 0 226 226 226 226 226 226 226 226 226 226 0 0 0 0 0 0 0 0 0 0 0 0 0 0 0 0 0 0 0 0 0 0 0 0 0 0
0 0 0 0 0 0 0 0 0 0 0 0 0 0 0 0 0 0 0 0 0 0 0 0 0 0 0 0 0 0 0 0 0 0 0 0 0 0 284 284 305 328 328 328 328 328 328 328 328 328 0 0 0 0 0 0 0 0 0 0 0 0 0 0 0 0 0 0 0 0 0 0 0 0 0 0 0 0 0 0 0 0 0 0 0 0 0 0 0 0 0 0 0 0 0 0 0 0 0 0 0 338 338 338 338 338 338 338 338 338 338 0 0 0 0 0 0 344 344 344 344 344 0 0 0 344 344 344 344 344 344 344 344 0 0 0 322 322 322 322 0 0 0 0 322 322 322 322 322 0 0 0 0 0 0 0 0 0 0 0 0 0 0 0 226 226 226 226 226 226 226 226 226 226 0 0 0 0 0 0 0 0 0 0 0 0 0 0 0 0 0 0 0 0 0 0 0 0 0 0
0 0 0 0 0 0 0 0 0 0 0 0 0 0 0 0 0 0 0 0 52 52 52 52 52 52 52 0 0 0 0 0 0 0 0 0 0 0 284 284 305 328 328 284 284 284 0 0 0 0 0 0 0 0 0 0 0 0 0 0 0 0 0 0 0 0 0 0 0 0 0 0 0 0 0 0 0 0 0 0 0 0 0 0 0 0 0 0 0 0 0 0 0 0 0 0 0 0 0 0 0 338 338 338 338 338 338 338 338 338 338 0 0 0 0 0 0 344 344 344 344 344 0 0 0 0 0 0 0 0 0 0 0 0 0 0 322 322 322 322 0 0 0 0 322 322 322 322 322 0 0 0 0 0 0 0 0 0 0 0 0 0 0 0 226 226 226 226 226 226 226 226 226 226 0 0 0 0 0 0 0 0 0 0 0 0 0 0 0 0 0 0 0 0 0 0 0 0 0 0
0 0 0 0 0 0 0 0 0 0 0 0 0 0 0 0 0 0 0 0 52 52 52 52 52 52 52 0 0 0 0 0 0 0 0 0 0 0 0 0 305 305 305 0 0 0 0 0 305 0 0 0 0 0 0 0 0 0 0 0 0 0 0 0 0 0 0 0 0 0 0 0 0 0 0 0 0 0 0 0 0 0 0 0 0 0 0 0 0 0 0 0 0 0 0 0 0 0 0 0 0 338 338 338 338 338 338 338 338 338 338 0 0 0 0 0 0 344 344 344 344 344 344 344 0 0 0 0 0 0 0 0 0 0 0 0 322 322 322 322 0 0 0 0 322 322 322 322 322 0 0 0 0 0 0 0 0 0 0 0 0 0 0 0 0 0 0 226 226 226 226 226 226 226 0 0 0 0 0 0 0 0 0 0 0 0 0 0 0 0 0 0 0 0 0 0 0 0 0 0
0 0 0 0 0 0 0 0 0 0 0 0 0 0 0 0 0 52 52 52 52 52 52 52 52 52 52 52 52 52 52 52 0 0 0 0 0 0 0 0 305 0 0 0 0 0 0 0 305 0 0 0 0 0 0 0 0 0 0 0 0 0 0 0 0 0 0 0 0 0 0 0 0 0 0 0 0 0 0 0 0 0 0 0 0 0 0 0 0 0 0 0 0 0 0 203 203 0 0 0 0 338 338 338 338 338 338 338 338 338 338 0 0 0 0 0 0 344 344 344 344 344 344 344 0 0 0 0 0 0 0 0 0 0 0 0 0 0 322 322 0 0 0 0 322 322 322 322 322 0 0 0 0 0 0 0 0 0 0 0 0 0 0 0 0 0 0 226 226 226 226 226 226 226 0 0 0 0 0 0 0 0 0 0 0 0 0 0 0 0 0 0 0 0 0 0 0 0 0 0
0 0 0 0 0 0 0 0 0 0 0 0 0 0 0 0 0 52 52 52 52 52 52 52 52 52 52 52 52 52 52 52 0 0 0 0 0 0 0 0 305 0 0 0 0 0 0 0 0 0 0 0 0 0 0 0 0 0 0 0 0 0 0 0 0 0 0 0 0 0 0 0 0 0 0 0 0 0 0 0 0 0 0 0 0 0 0 0 0 0 0 0 0 0 0 203 203 203 203 203 107 0 0 0 0 0 0 0 0 0 0 0 0 0 0 0 0 344 344 344 344 344 344 344 344 344 344 344 344 344 344 344 344 344 344 322 0 0 322 322 322 322 322 322 322 322 322 322 322 0 0 0 0 0 0 0 0 0 0 0 0 0 0 0 0 0 0 226 226 226 226 226 226 226 0 0 0 0 0 0 0 0 0 0 0 0 0 0 0 0 0 0 0 0 0 0 0 0 0 0
0 0 0 0 0 0 0 0 0 0 0 0 0 0 0 0 0 52 52 52 52 52 52 52 52 52 52 52 52 52 52 52 0 0 0 0 0 0 0 0 305 0 0 0 0 0 0 0 0 0 0 0 0 0 0 0 0 0 0 0 0 0 0 0 0 0 0 0 0 0 0 0 0 0 0 0 0 0 0 0 0 0 107 107 107 107 107 107 107 107 0 0 0 0 0 203 203 203 203 203 107 0 0 0 0 0 203 203 203 0 0 0 0 0 0 0 0 344 344 344 344 344 344 344 344 344 344 344 344 344 344 344 344 344 344 0 0 0 322 322 322 322 322 322 322 322 322 322 322 0 0 0 0 0 0 0 0 0 0 0 0 0 0 0 0 0 0 226 226 226 226 226 226 226 0 0 0 0 0 0 0 0 0 0 0 0 0 0 0 0 0 0 0 0 0 0 0 0 0 0
0 0 0 0 0 0 0 0 0 0 0 0 0 0 0 0 0 52 52 52 52 52 52 52 52 52 52 52 52 52 52 52 0 0 0 0 0 0 0 0 0 0 0 0 0 0 0 0 0 0 0 0 0 0 0 0 0 0 0 0 0 0 0 0 0 0 0 0 0 0 0 0 0 0 0 0 0 0 0 0 0 0 107 107 107 107 107 107 107 107 0 0 0 0 0 203 203 203 203 203 107 0 0 0 0 0 203 203 203 0 0 0 0 0 0 0 0 344 344 344 344 344 344 344 344 344 344 344 344 344 344 344 344 344 344 206 206 206 206 206 322 322 322 322 322 322 322 322 322 0 0 0 0 0 0 0 0 0 0 0 0 0 0 0 0 0 0 0 0 0 0 0 0 0 0 0 0 0 0 0 0 0 0 0 0 0 0 0 0 0 0 0 0 0 0 0 0 0 0 0
0 0 0 0 0 0 0 0 0 0 0 0 0 0 0 0 0 52 52 52 52 52 52 52 52 52 52 52 52 52 52 52 0 0 0 0 0 0 0 0 0 0 0 0 0 0 0 0 0 0 0 0 0 0 0 243 0 0 0 0 0 0 0 0 0 0 0 0 0 0 0 0 0 0 0 0 0 0 0 0 0 0 107 107 107 107 107 107 107 107 0 0 0 0 0 203 203 203 203 203 203 0 0 0 0 0 203 203 0 0 0 0 0 0 0 0 0 344 344 344 344 344 344 344 344 344 344 344 344 344 0 0 0 0 0 206 206 206 206 206 0 0 0 0 0 0 0 0 0 0 0 0 0 0 0 0 0 0 0 226 226 0 0 0 0 0 0 0 0 0 0 0 0 0 0 0 0 0 0 0 0 0 0 0 0 0 0 0 0 0 0 0 0 0 0 0 0 0 0 0
0 0 0 0 0 0 0 0 0 0 0 0 0 0 0 0 0 52 52 52 52 52 52 52 52 52 52 52 52 52 52 52 0 0 0 0 0 0 0 0 0 0 0 0 305 305 305 0 0 0 0 0 0 0 0 243 0 0 0 0 0 0 0 0 0 0 0 0 0 0 0 0 0 0 0 0 0 0 0 0 0 0 107 107 107 107 107 107 107 0 0 0 0 0 0 203 203 203 203 203 203 0 0 0 0 0 0 0 0 0 0 0 0 0 0 0 0 344 344 344 344 344 344 344 344 344 344 344 344 344 0 0 0 0 0 206 206 206 206 206 0 0 0 0 0 0 0 0 0 0 0 0 0 0 0 0 0 0 0 226 226 0 0 0 0 0 0 0 0 0 0 0 0 0 0 0 0 0 0 0 0 0 0 0 0 0 0 0 0 0 0 0 0 0 0 0 0 0 0 0
0 0 0 0 0 0 0 0 0 0 0 0 0 0 0 0 0 52 52 52 52 52 52 52 52 52 52 52 52 52 52 52 0 0 0 0 0 0 0 0 0 0 0 0 305 305 0 0 0 0 0 0 0 0 0 243 0 0 0 0 0 0 0 0 0 0 0 0 0 0 0 0 0 0 0 0 0 0 0 0 0 0 107 107 107 107 107 107 107 0 0 0 0 0 0 203 203 203 203 203 203 203 203 0 0 0 0 0 0 0 0 0 0 0 0 0 0 205 205 205 205 205 344 344 344 344 344 344 344 344 0 0 0 0 0 0 0 0 0 0 0 0 0 0 0 0 0 0 0 0 0 0 0 0 0 0 0 0 0 226 226 0 0 0 0 0 0 226 226 226 226 226 226 226 226 226 0 0 0 0 0 0 0 0 0 0 0 0 0 0 0 0 0 0 0 0 0 0 0 0
0 0 0 0 0 0 0 0 0 0 0 0 0 0 0 0 0 52 52 52 52 52 52 52 52 52 52 52 52 52 52 52 0 0 0 0 0 0 0 0 0 0 0 0 305 305 0 0 0 0 0 0 0 0 0 243 0 0 0 0 0 0 0 0 0 0 0 0 0 0 0 0 0 0 0 0 0 0 0 0 0 0 0 0 0 0 0 0 0 0 0 0 0 107 107 107 203 203 203 203 203 203 203 203 203 0 0 0 0 0 0 0 0 0 0 0 0 205 205 205 205 205 0 0 0 0 0 0 0 0 0 0 0 0 0 0 0 0 0 0 0 0 0 0 0 0 0 0 0 0 0 0 0 0 0 0 0 0 0 226 226 226 226 0 0 0 0 226 226 226 226 226 226 226 226 226 0 0 0 0 0 0 0 0 0 0 0 0 0 0 0 0 0 0 0 0 0 0 0 0
0 0 0 0 0 0 0 45 45 45 45 45 45 0 0 0 0 52 52 52 52 52 52 52 52 52 0 0 0 0 0 0 0 0 0 0 0 0 0 0 0 0 0 0 305 305 0 0 0 0 243 243 243 243 243 243 0 0 0 0 0 0 0 327 327 327 327 0 0 0 0 0 0 0 0 0 0 0 0 0 0 0 0 0 0 0 0 0 0 0 0 107 107 107 107 107 203 203 203 203 203 203 203 203 203 0 0 203 0 0 0 0 0 0 0 0 0 205 205 205 205 205 0 0 0 0 0 0 0 0 0 206 0 0 0 0 0 0 0 0 0 0 0 0 0 0 0 0 0 0 0 0 0 0 0 0 0 0 0 0 0 226 226 299 299 299 299 226 226 226 226 226 226 226 226 226 0 0 0 0 0 0 0 0 0 0 0 0 0 0 0 0 0 0 0 0 0 0 0 0
0 0 0 0 0 0 0 45 45 45 45 45 45 0 0 0 0 52 52 52 52 52 52 52 52 52 0 0 0 0 0 0 0 0 0 0 0 0 0 0 0 0 0 0 305 305 0 0 0 0 0 0 0 0 0 0 0 0 0 0 0 0 0 327 327 327 327 0 0 0 0 0 0 0 0 0 0 0 0 0 0 0 0 0 0 0 0 0 0 0 0 107 107 107 107 0 203 203 203 203 203 203 203 203 203 0 0 203 0 0 245 245 0 0 0 0 0 0 0 0 0 0 0 0 0 0 0 206 206 206 206 206 0 0 0 0 0 0 0 0 0 0 0 0 0 0 0 0 0 0 0 0 0 0 0 0 0 0 0 0 0 226 226 299 299 299 299 226 226 226 226 226 226 226 226 226 0 0 0 0 0 0 0 0 0 0 0 0 0 0 0 0 0 0 0 0 0 0 0 0
0 0 0 0 0 45 45 45 45 45 45 45 45 0 0 0 0 0 0 0 0 0 0 0 0 0 0 0 0 0 0 0 0 0 0 0 0 0 0 0 0 0 0 0 305 305 0 0 0 0 0 0 0 0 0 0 0 0 0 0 0 0 0 327 327 327 327 327 327 327 327 0 0 0 0 0 0 0 0 0 0 0 0 0 0 0 0 0 0 0 0 107 107 107 107 0 203 203 203 203 203 203 203 203 203 0 0 203 0 0 0 0 0 0 0 0 0 0 0 0 0 0 0 0 0 0 0 206 206 206 206 206 0 0 0 0 0 0 0 0 0 0 0 0 0 0 0 0 0 0 0 0 0 0 0 0 0 0 0 0 0 0 299 299 299 299 299 226 226 226 226 226 226 226 226 226 0 0 0 0 0 0 0 0 0 0 0 0 0 0 0 0 0 0 0 0 0 0 0 0
0 0 0 0 0 45 45 45 45 45 45 45 45 0 0 0 0 0 0 0 0 0 0 0 0 0 0 0 0 0 0 0 0 0 0 0 0 0 0 0 0 0 0 0 0 0 0 0 0 0 0 0 0 0 0 0 0 0 0 0 0 0 0 327 327 327 327 327 327 327 327 0 0 0 0 0 0 0 0 0 0 0 0 0 0 0 0 0 0 0 0 0 107 107 107 0 203 203 203 203 203 203 203 203 203 0 0 203 0 0 0 0 0 0 0 0 0 0 0 0 0 0 0 0 0 0 0 206 206 206 206 206 0 0 0 0 0 0 0 0 0 0 0 0 0 0 0 0 0 0 0 0 0 0 0 0 0 0 0 0 0 0 0 299 299 299 299 299 226 226 226 226 226 226 226 226 0 0 0 0 0 0 0 0 0 0 0 0 0 0 0 0 0 0 0 0 0 0 0 0
0 0 0 0 0 45 45 45 45 45 45 45 45 0 0 0 0 0 0 0 0 0 0 0 0 0 0 0 0 0 0 0 0 0 0 0 0 0 0 0 0 0 0 0 0 0 0 0 0 0 0 0 358 358 358 0 0 0 0 0 0 0 0 327 0 0 0 327 327 327 327 0 0 0 0 0 0 0 0 0 0 0 0 0 0 0 0 0 0 0 0 0 245 107 107 0 203 203 203 203 203 203 203 203 203 0 0 203 0 0 0 0 0 0 0 0 0 0 0 0 0 0 0 0 0 0 0 206 206 206 206 206 0 0 0 0 0 0 0 0 0 0 0 0 0 0 0 0 0 0 0 0 0 0 0 0 0 0 0 0 0 0 0 299 0 0 0 0 226 226 226 226 226 226 226 226 0 0 0 0 0 0 0 0 0 0 0 0 0 0 0 0 0 0 0 0 0 0 0 0
0 0 0 0 0 45 45 45 45 45 0 0 0 0 0 0 0 0 0 0 0 0 0 0 0 0 0 0 0 0 0 0 0 0 0 0 0 0 0 0 0 0 0 0 0 0 0 0 0 0 0 0 358 358 358 0 0 0 0 0 0 0 0 327 0 0 0 327 327 327 327 0 0 0 0 0 0 0 0 0 0 0 0 0 0 0 0 0 0 0 0 0 0 107 107 0 203 203 203 203 203 203 203 203 203 203 203 203 0 0 0 0 0 0 0 0 0 0 0 0 0 0 0 0 0 0 0 206 206 0 0 206 0 0 0 0 0 0 0 0 0 0 0 0 0 0 0 0 0 0 0 0 0 0 0 0 0 0 0 0 0 0 0 391 391 391 391 391 391 226 226 226 226 226 226 226 0 0 0 0 0 0 0 0 0 0 0 0 0 0 0 0 0 0 0 0 0 0 0 0
0 0 0 0 0 45 45 45 45 45 0 0 0 0 0 0 0 0 0 0 0 0 0 0 0 0 0 0 0 0 0 0 0 0 0 0 0 0 0 0 0 0 0 0 0 0 0 0 0 0 0 0 0 0 0 0 0 0 0 0 0 0 0 327 0 0 0 327 327 327 327 327 327 327 327 327 327 0 0 0 0 0 0 0 0 0 0 0 0 0 0 0 0 107 107 0 203 203 203 203 203 203 203 203 203 245 245 245 0 0 0 0 0 0 0 0 0 0 0 0 0 0 0 0 0 0 0 206 206 0 0 206 206 206 0 0 0 0 0 0 0 0 0 0 0 0 0 0 0 0 0 0 0 0 0 0 0 0 0 0 0 0 0 391 391 391 391 391 391 0 0 0 0 0 0 0 0 0 0 0 0 0 0 0 0 0 0 0 0 0 0 0 0 0 0 0 0 0 0 0
0 0 0 0 0 0 0 0 0 0 0 0 0 0 0 0 0 0 0 0 0 0 0 0 0 0 0 0 0 0 0 0 0 0 0 0 0 0 0 0 0 0 0 0 0 0 0 0 0 0 0 0 0 0 0 0 0 0 0 0 0 0 0 327 327 327 327 327 327 327 327 327 327 327 327 327 327 0 0 0 0 0 0 0 0 0 0 0 0 0 0 0 0 107 107 0 203 203 203 203 203 203 203 203 203 245 245 245 0 0 0 0 0 0 0 0 0 0 0 0 0 0 0 0 0 0 0 206 206 0 0 206 206 206 0 0 0 0 0 0 0 0 0 0 0 0 0 0 0 0 0 0 0 0 0 0 0 0 0 0 0 0 0 391 391 391 391 391 391 0 0 0 0 0 0 0 0 0 0 0 0 0 0 0 0 0 0 0 0 0 0 0 0 0 0 0 0 0 0 0
0 0 0 0 0 0 0 0 0 0 0 0 0 0 0 0 0 0 0 0 0 0 0 0 0 0 0 0 0 0 0 73 73 73 73 73 73 73 73 73 73 0 0 0 0 0 0 0 0 0 0 0 0 0 0 0 0 0 0 0 0 0 0 327 327 327 327 327 327 327 0 327 327 327 327 327 327 0 0 0 0 0 0 0 0 0 0 0 0 0 0 0 0 107 107 107 203 203 203 203 203 203 203 203 203 245 245 245 0 0 0 0 0 0 0 0 0 0 0 0 0 0 0 0 0 0 0 206 206 0 0 206 206 206 0 0 0 0 0 0 0 0 0 0 0 0 0 0 498 498 498 498 498 498 498 0 0 0 0 0 0 0 0 0 0 0 391 391 391 0 0 0 0 0 0 0 0 0 0 0 0 0 0 426 426 426 426 426 426 426 0 0 0 0 0 0 0 0 0 0
0 0 0 0 0 0 0 0 0 0 0 0 0 0 0 0 0 0 0 0 0 0 0 0 0 0 0 0 0 0 0 73 73 73 73 73 73 73 73 73 73 0 0 0 0 0 0 0 0 0 0 0 0 0 0 0 0 0 0 0 0 0 0 327 0 0 0 0 0 0 0 327 327 327 327 327 327 327 0 0 0 0 0 0 0 0 0 0 0 0 0 0 0 107 107 107 107 107 107 0 245 245 245 245 245 245 245 245 0 0 0 0 0 0 0 0 0 0 0 0 0 0 0 0 0 0 0 206 206 0 0 0 0 0 0 0 0 0 0 0 0 0 0 0 0 0 0 0 498 498 498 498 498 498 498 498 498 0 0 0 0 0 0 0 0 0 391 391 391 0 0 0 0 0 0 0 0 0 0 0 0 0 0 426 426 426 426 426 426 426 0 0 0 0 0 0 0 0 0 0
0 0 0 45 45 45 45 0 0 0 0 0 0 0 0 0 0 0 0 0 0 0 0 0 0 0 0 0 0 0 0 73 73 73 73 73 73 73 73 73 73 0 0 0 0 358 358 358 358 358 358 358 0 0 0 0 0 0 0 0 0 0 0 327 0 0 0 0 0 0 0 327 327 327 327 327 327 327 0 0 0 0 0 0 0 0 0 0 0 0 0 0 0 107 107 107 107 107 107 0 245 245 245 245 245 245 245 245 0 0 0 0 0 0 0 0 0 0 0 0 0 76 0 0 0 0 0 206 206 0 0 0 0 0 0 0 0 0 0 0 0 0 0 0 0 0 0 0 498 498 498 498 498 498 498 498 498 0 0 0 0 0 0 0 0 0 391 0 0 0 0 0 0 0 0 0 0 0 0 0 0 0 0 426 426 426 426 426 426 426 0 0 0 0 0 0 0 0 0 0
0 0 0 45 45 45 45 0 0 0 0 0 0 0 0 0 0 0 0 0 0 0 0 0 0 0 0 0 0 0 0 73 73 73 73 73 73 73 73 73 73 73 358 358 358 358 358 358 358 358 358 358 358 358 358 358 0 0 0 0 0 0 0 0 0 0 0 0 0 0 0 327 327 327 327 327 327 327 0 0 0 0 0 0 0 0 0 0 0 0 0 0 0 107 107 107 107 107 107 0 245 245 245 245 245 245 245 245 0 0 0 0 0 0 0 0 0 0 0 0 0 76 0 0 0 0 0 206 206 0 0 0 0 0 0 0 0 0 0 0 0 0 136 136 136 0 0 0 498 46 46 498 498 0 0 0 0 0 0 0 0 0 0 0 0 0 391 0 0 0 0 0 0 0 0 0 0 0 0 0 0 0 0 426 426 426 426 426 426 426 0 0 0 0 0 0 0 0 0 0
0 0 0 45 45 45 45 0 0 0 0 0 0 0 0 0 0 229 229 229 229 229 229 229 229 229 229 229 229 229 229 229 229 229 229 229 229 229 229 229 229 73 358 358 358 358 358 358 358 358 358 358 358 358 358 358 358 0 0 0 0 0 0 0 0 0 0 0 0 0 0 327 327 327 327 327 327 327 0 0 0 0 0 0 0 0 0 0 0 0 0 0 0 0 0 0 0 0 0 0 0 0 0 0 0 0 0 0 0 0 0 0 0 0 0 0 0 76 76 76 76 76 0 0 0 0 0 0 0 0 0 0 0 0 0 0 0 0 0 0 0 0 136 136 136 0 0 0 498 46 46 0 0 0 0 0 0 0 0 0 0 0 0 0 0 0 391 0 0 0 0 0 0 0 0 0 0 0 0 0 0 0 0 426 426 426 426 426 426 426 0 0 0 0 0 0 0 0 0 0
0 0 0 45 45 45 45 0 0 0 0 0 0 0 0 0 0 229 229 229 229 229 229 229 229 229 229 229 229 229 229 229 229 229 229 229 229 229 229 229 229 358 358 358 358 358 358 358 358 358 358 358 358 358 358 358 358 0 0 0 0 0 0 0 0 0 0 0 0 0 0 327 327 327 327 327 327 0 0 0 0 0 0 0 0 0 0 0 0 0 0 0 0 0 0 0 0 0 0 0 0 0 0 0 0 0 0 0 0 0 0 0 0 0 0 0 0 0 0 0 0 0 0 0 0 0 0 0 0 0 0 0 0 0 0 0 0 0 0 0 0 0 136 136 136 0 0 0 498 46 46 0 0 0 0 0 498 0 0 0 0 0 0 0 0 0 391 391 391 0 0 0 0 0 0 0 0 0 0 0 0 0 0 0 0 0 0 426 426 426 0 0 0 0 0 0 0 0 0 0
0 0 0 0 0 0 0 0 0 0 0 0 0 0 0 0 0 229 229 229 229 229 229 0 0 0 0 0 0 0 0 0 0 229 229 229 229 229 229 229 229 358 358 358 358 358 358 358 358 358 358 358 358 358 358 358 358 0 0 0 0 0 0 0 0 0 0 0 0 0 0 327 327 327 327 327 327 0 0 0 0 0 0 0 0 0 0 0 0 0 0 0 0 0 0 0 0 0 0 0 0 0 0 0 0 0 0 0 0 0 0 0 0 0 0 0 0 0 0 0 0 0 0 0 0 0 0 0 0 0 0 0 0 0 0 0 0 0 0 0 0 0 0 0 0 0 0 0 498 46 46 0 0 0 0 0 498 0 46 46 46 46 46 0 0 0 391 391 391 0 0 0 0 0 0 0 0 0 0 0 0 0 0 0 0 0 0 426 426 426 0 0 0 0 0 0 0 0 0 0
0 0 0 0 0 0 0 0 0 0 0 0 0 0 0 0 0 0 0 229 229 229 229 0 0 0 85 85 85 85 85 85 85 85 85 85 85 85 85 85 229 358 358 358 358 358 358 358 358 358 358 358 358 358 358 358 358 0 0 0 0 0 0 0 0 0 0 0 0 0 0 0 0 0 0 0 0 0 0 0 0 0 0 0 0 0 0 0 0 0 0 0 0 0 0 81 81 81 81 81 81 81 81 81 81 81 81 81 0 0 0 0 0 0 0 0 0 0 0 0 0 0 0 0 0 0 0 0 0 0 0 0 0 0 0 0 0 0 0 0 0 0 0 0 0 0 0 0 498 46 46 0 0 0 0 46 498 498 46 46 46 46 46 0 0 0 391 391 391 0 0 0 0 0 0 0 0 0 0 0 0 0 0 0 0 0 0 426 426 426 0 0 0 0 0 0 0 0 0 0
0 0 0 0 0 0 0 0 0 0 0 0 0 0 0 0 0 0 0 229 229 229 229 0 0 0 85 85 85 85 85 85 85 85 85 85 85 85 85 85 229 358 358 358 358 358 358 358 358 358 358 358 358 358 358 358 358 0 0 0 0 0 0 0 0 0 0 0 0 0 0 0 0 0 0 0 0 0 0 0 0 0 0 0 0 0 0 0 0 0 0 0 0 0 0 81 81 81 81 0 0 0 0 0 0 0 81 81 0 0 0 0 0 0 0 0 0 0 0 0 0 0 0 0 0 0 0 0 0 0 0 0 0 0 0 0 0 0 0 0 0 0 0 0 0 0 0 0 498 0 0 0 0 0 0 46 498 498 46 46 46 46 46 0 0 0 391 391 391 0 0 0 0 0 0 0 0 0 0 0 0 0 0 0 0 0 0 426 426 426 0 0 0 0 0 0 0 0 0 0
0 0 0 0 0 0 0 0 0 0 0 0 0 0 0 0 0 0 0 0 0 0 0 0 0 0 0 85 85 85 85 85 85 85 85 85 85 85 85 85 229 358 358 358 0 0 0 358 358 358 358 358 358 358 358 358 358 0 0 0 0 0 0 0 0 0 0 0 0 0 0 0 0 0 0 0 0 0 0 0 0 0 0 0 0 0 0 0 0 0 0 0 0 0 0 81 81 81 81 0 0 0 0 0 0 0 81 81 0 0 0 0 0 0 0 0 0 0 0 0 0 0 0 0 0 0 0 0 0 293 293 293 293 293 293 293 293 293 293 0 329 329 329 329 329 329 329 329 498 0 0 0 0 0 0 46 498 498 46 46 46 0 0 0 0 0 0 391 391 0 0 0 0 0 0 0 0 0 0 0 0 0 0 0 0 0 0 426 426 426 0 0 0 0 0 0 0 0 0 0
0 0 0 0 0 0 0 0 0 0 0 0 0 0 0 0 0 0 0 0 0 0 0 0 0 0 0 85 85 85 85 85 85 85 85 85 85 85 85 85 229 73 73 358 0 0 0 358 358 358 358 358 358 358 358 358 358 0 0 0 0 0 0 0 0 0 0 0 0 0 0 0 0 0 0 0 0 0 0 0 0 0 0 0 0 0 0 0 0 0 0 0 0 0 0 81 81 81 81 0 0 0 0 0 0 0 81 81 0 0 0 0 0 0 0 0 0 0 0 0 0 0 0 0 0 0 0 0 0 293 293 293 293 293 293 293 293 293 293 293 329 329 329 329 329 329 329 329 498 498 498 498 498 46 46 46 498 498 46 46 46 0 0 0 0 0 0 391 391 0 0 0 0 0 0 0 0 0 0 0 0 0 0 0 0 426 426 426 0 0 0 0 0 0 0 0 0 0 0 0
0 0 0 0 0 0 0 0 0 0 0 0 0 0 0 0 0 0 0 0 0 0 0 0 0 0 0 85 85 85 85 85 85 85 85 85 85 85 85 85 229 73 73 358 0 0 0 358 358 358 358 358 358 358 358 358 0 0 0 0 0 0 0 0 0 0 0 0 0 0 0 0 0 0 0 0 0 0 0 0 0 0 0 0 0 0 0 0 0 0 0 0 0 0 0 81 81 81 81 0 0 0 0 0 0 0 81 81 0 0 0 0 0 0 0 0 0 0 0 0 0 0 0 0 0 0 0 0 0 293 293 293 293 293 293 293 293 293 293 293 329 329 329 329 329 329 329 329 498 498 498 498 498 46 46 46 498 498 391 391 391 0 0 0 0 0 0 391 391 0 0 0 0 0 0 0 0 0 299 299 0 0 0 0 0 0 0 0 0 0 0 0 0 0 0 0 0 0 0 0
0 0 0 0 0 0 0 0 0 0 0 0 0 0 0 0 0 0 0 0 0 0 0 0 0 0 0 85 85 85 85 85 85 85 85 85 85 85 85 85 229 73 73 73 0 0 0 0 0 0 0 0 0 0 0 0 0 0 0 0 0 0 0 0 0 0 0 0 0 0 0 0 0 0 0 0 0 0 0 0 0 0 0 0 0 0 0 0 0 0 0 0 0 0 0 81 81 81 81 0 0 0 0 0 0 0 81 81 0 0 0 0 0 0 0 0 0 0 0 0 0 0 0 0 0 0 0 0 0 293 293 293 293 293 293 293 293 293 293 293 329 329 329 329 329 329 329 329 498 498 498 498 498 0 0 0 0 0 0 0 0 0 0 0 0 0 0 391 391 0 0 0 0 0 0 0 0 0 299 299 426 426 426 426 426 426 0 0 0 0 0 0 0 0 0 0 0 0 0 0
0 0 0 0 0 0 0 0 0 0 0 0 0 0 0 0 0 0 0 0 0 0 0 0 0 0 0 85 85 85 85 85 85 85 85 85 85 85 85 85 229 73 73 73 0 0 0 0 0 0 0 0 0 0 0 0 0 0 0 0 0 0 0 0 0 0 0 0 0 0 0 0 0 0 0 0 0 0 0 0 0 0 0 0 0 0 0 0 0 0 0 0 0 0 0 81 81 81 81 0 0 0 0 0 0 0 81 81 0 0 0 0 0 0 0 0 0 0 0 0 0 0 0 0 0 0 0 0 0 293 293 293 293 293 293 293 293 293 293 329 329 329 329 329 329 329 329 329 329 329 329 329 329 0 0 0 0 0 0 0 0 0 0 0 0 0 0 391 391 0 0 0 0 0 0 0 0 0 299 299 426 426 426 426 426 426 0 0 0 0 0 0 0 0 0 0 0 0 0 0
0 0 0 0 0 0 0 0 0 0 0 0 0 0 0 0 0 0 0 0 0 0 0 0 0 0 0 85 85 85 85 85 85 85 85 85 85 85 85 85 0 396 396 0 0 0 0 0 0 0 0 0 0 0 0 0 0 0 0 0 0 0 0 0 0 0 0 0 0 0 0 0 0 0 0 0 0 0 0 0 0 0 0 0 0 0 0 0 0 0 0 0 0 0 0 0 81 0 0 0 0 0 0 0 0 0 81 81 0 0 0 0 0 0 0 0 0 0 0 0 0 0 0 0 0 0 0 0 0 293 293 293 293 0 0 0 0 0 0 329 329 329 329 329 329 329 329 329 329 329 329 329 329 0 0 0 0 0 0 0 0 0 0 0 0 391 391 391 391 248 248 248 248 248 248 0 0 0 299 299 426 426 426 426 426 426 0 0 0 0 0 0 0 0 0 0 0 0 0 0
0 0 0 0 0 0 0 0 0 0 0 0 0 0 0 0 0 0 0 0 0 0 0 0 0 0 0 85 85 85 85 85 85 85 85 85 85 85 85 85 0 396 396 0 0 0 0 0 0 0 0 0 0 0 0 0 0 0 0 0 0 0 0 0 0 0 0 0 0 0 0 0 0 0 0 0 0 0 0 0 0 0 0 0 0 0 0 0 0 0 0 0 0 0 0 0 81 0 0 0 0 0 0 0 0 0 81 81 0 0 0 0 0 0 0 0 0 0 0 0 0 0 0 0 0 0 0 0 0 0 0 0 0 0 0 0 0 0 0 329 329 329 329 329 329 329 329 329 329 329 329 329 329 0 0 0 0 0 0 0 0 0 0 0 0 248 248 248 248 248 248 248 248 248 248 0 0 0 0 0 426 426 426 426 426 426 0 0 0 0 0 0 0 0 0 0 0 0 0 0
0 0 0 0 0 0 0 0 0 0 0 0 0 0 0 0 0 0 0 0 0 0 0 0 0 0 0 85 85 85 85 85 85 85 85 85 85 85 85 85 0 396 396 0 0 0 0 0 0 0 0 0 0 0 0 0 0 0 0 0 0 0 0 0 0 0 0 0 0 0 0 0 0 0 0 0 0 0 0 0 0 0 0 0 0 0 0 0 0 0 0 0 0 0 0 0 81 0 0 0 0 0 0 0 0 0 81 81 0 0 0 185 185 185 0 0 0 0 0 0 0 0 0 0 0 0 0 0 0 0 0 0 0 0 0 0 0 0 0 329 329 329 329 329 329 329 329 329 329 329 329 329 329 0 0 0 0 0 0 0 0 0 0 0 0 248 248 248 248 248 248 248 248 248 248 0 0 0 0 0 426 426 426 426 426 426 0 0 0 0 0 0 0 0 0 0 0 0 0 0
0 0 0 0 0 0 0 0 0 0 0 0 0 0 0 0 0 0 0 0 0 0 0 0 0 0 0 85 85 85 85 85 85 85 85 85 85 85 85 85 0 396 396 0 0 0 0 0 0 0 0 0 0 0 0 0 0 0 0 0 0 0 0 0 0 0 0 0 0 0 0 0 0 0 0 0 0 0 0 0 0 0 0 0 0 0 0 0 0 0 0 0 0 0 0 0 81 0 0 0 0 0 0 0 0 0 81 81 0 0 0 185 185 185 0 0 0 185 185 185 185 185 185 0 0 0 0 0 0 0 0 0 0 0 0 0 0 0 0 329 329 329 329 329 329 329 329 329 329 329 329 329 329 0 0 0 0 0 0 0 0 0 0 0 0 248 248 248 248 248 248 248 248 248 248 0 0 0 0 0 426 426 426 426 426 426 0 0 0 0 0 0 0 0 0 0 0 0 0 0
0 0 0 0 0 0 0 0 0 0 0 0 0 0 0 0 85 85 85 85 315 315 0 0 0 0 85 85 315 315 315 315 315 315 315 315 315 396 396 396 396 396 396 0 0 0 0 0 0 0 0 0 0 0 0 0 0 0 0 0 0 0 0 0 0 0 0 0 0 0 0 0 0 0 0 0 0 0 0 0 0 0 0 0 0 0 0 0 0 0 0 0 0 0 0 0 0 0 0 0 0 0 0 0 0 0 0 0 0 0 0 185 185 185 0 0 0 185 185 185 185 185 185 0 0 0 0 0 0 0 0 0 0 0 0 0 0 0 0 329 329 329 329 329 329 329 329 329 329 329 329 329 329 0 0 0 0 0 0 0 0 0 0 0 0 248 248 0 248 248 248 248 248 248 248 0 0 0 0 0 426 426 426 426 426 426 0 0 0 0 0 0 0 0 0 0 0 0 0 0
0 0 0 0 0 0 0 0 0 0 0 0 0 0 0 0 85 85 85 85 315 315 0 0 0 0 85 85 315 315 315 315 315 315 315 315 315 396 396 396 396 396 396 0 0 0 0 0 0 0 0 0 0 0 0 0 0 0 0 0 0 0 0 0 0 0 0 0 0 0 0 0 0 0 0 0 0 0 0 0 0 0 0 0 0 0 0 0 0 0 0 0 0 0 0 0 0 0 0 0 0 0 0 0 0 0 0 0 0 0 0 185 185 185 0 0 0 185 185 185 185 185 185 0 0 0 0 0 0 0 0 0 0 0 0 0 0 0 0 329 329 329 329 329 329 329 329 329 329 329 329 329 329 0 0 0 0 0 0 0 0 0 0 0 0 248 248 0 248 248 248 248 248 248 248 0 0 0 0 0 426 426 426 426 426 426 0 0 0 0 0 0 0 0 0 0 0 0 0 0
0 0 0 0 0 0 0 0 0 0 0 0 0 0 0 0 85 85 85 85 315 315 85 85 85 85 85 85 315 315 315 315 315 315 315 315 315 396 396 396 396 396 396 0 0 0 0 0 0 0 0 0 0 0 0 0 0 0 0 0 0 0 0 0 0 0 0 0 0 0 0 0 0 0 0 0 0 0 0 0 0 0 0 0 0 0 0 0 0 0 0 0 0 0 0 0 0 0 0 0 0 0 0 0 0 0 0 0 0 0 0 185 185 185 0 0 185 185 185 185 185 185 185 0 0 0 0 0 0 0 0 0 0 0 0 0 0 0 0 329 329 329 0 0 356 356 356 0 0 0 0 0 0 0 0 0 0 0 0 0 0 0 0 0 0 248 248 0 0 0 0 248 0 0 0 0 0 0 0 0 0 0 0 0 0 0 0 0 0 0 0 0 0 0 0 0 0 0 0 0
0 0 0 0 0 0 0 0 0 0 0 0 0 0 0 0 85 85 85 85 315 315 85 85 85 85 85 85 315 315 315 315 315 315 315 315 315 0 0 0 0 0 0 0 0 0 0 0 0 0 0 0 0 0 0 0 0 0 0 0 0 0 0 0 0 0 0 0 0 0 0 0 0 0 0 0 0 0 0 0 0 0 0 0 0 0 0 0 0 0 0 0 0 0 0 0 0 0 0 0 0 0 0 0 0 0 0 0 0 185 185 185 185 185 185 185 185 185 185 185 185 185 185 0 0 0 0 0 0 0 0 0 0 0 0 0 0 0 0 0 0 0 0 0 356 356 356 0 0 0 0 0 0 0 0 0 0 0 0 0 0 0 0 0 0 248 248 0 0 0 0 248 0 0 0 0 0 0 0 0 0 0 0 0 0 0 0 0 0 0 0 0 0 0 0 0 0 0 0 0
0 0 0 0 0 0 0 0 0 0 0 0 0 0 0 0 85 85 85 85 315 315 85 85 85 85 85 85 315 315 315 315 315 315 315 315 315 0 0 0 0 0 0 0 0 0 0 0 0 0 0 0 0 0 0 0 0 0 0 0 0 0 0 0 0 0 0 0 0 0 0 0 0 0 0 0 0 0 0 0 0 0 0 0 0 0 0 0 0 0 0 0 0 0 0 0 0 0 0 0 0 0 0 0 0 0 0 0 0 185 185 185 185 185 185 185 185 185 185 185 185 185 185 0 0 0 0 0 0 0 0 0 0 0 0 0 0 0 0 0 0 0 0 0 356 356 356 0 0 0 0 0 0 0 0 0 0 0 0 0 0 0 0 0 0 248 248 248 248 248 248 248 248 248 248 248 153 153 0 0 0 0 0 0 0 0 0 0 0 0 0 0 0 0 0 0 0 0 0 0
0 0 0 0 0 0 0 0 0 0 0 0 0 0 0 0 0 0 0 0 0 0 0 85 85 85 85 315 315 315 315 315 315 315 315 315 315 0 0 0 0 0 0 0 0 0 0 0 0 0 0 0 0 0 0 0 0 0 0 0 0 0 0 0 0 0 0 0 0 0 0 0 325 325 325 325 0 0 0 0 0 0 0 0 0 0 0 0 0 0 0 0 0 0 0 0 0 0 0 0 0 0 0 0 0 0 0 0 0 185 185 185 185 185 185 185 185 185 185 185 185 185 0 0 0 0 293 293 293 293 293 293 293 293 0 0 0 0 0 0 0 0 0 0 356 356 356 0 0 0 0 0 0 0 0 0 0 0 329 356 0 0 0 0 0 0 0 0 0 248 248 248 248 248 248 248 153 153 0 0 0 0 0 0 0 0 0 0 0 0 0 0 0 0 0 0 0 0 0 0
0 0 0 0 0 0 0 0 0 0 0 0 0 0 0 0 0 0 0 0 0 0 0 85 85 85 85 315 315 315 315 315 315 315 315 315 315 0 0 0 0 0 0 0 0 0 0 0 0 0 0 0 0 0 0 0 0 0 0 0 0 0 0 0 0 0 0 0 0 0 0 0 0 325 325 325 0 0 0 0 0 0 0 0 0 0 0 0 0 0 0 0 0 0 0 0 0 0 0 0 0 0 0 0 0 0 0 0 0 185 185 185 185 185 185 185 185 185 185 185 185 185 0 0 0 0 293 293 293 293 293 293 293 293 0 0 0 0 0 0 0 0 0 0 356 356 356 0 0 0 0 0 0 0 0 0 0 0 329 356 0 0 0 0 0 0 0 0 0 248 248 248 248 248 248 248 153 153 153 153 153 153 153 153 153 153 153 0 0 0 0 0 0 0 0 0 0 0 0 0
0 0 0 0 0 0 0 0 0 0 0 0 0 0 0 0 0 0 0 0 0 0 0 85 85 85 85 315 315 315 315 315 315 315 315 315 315 0 0 0 0 0 0 0 0 0 0 0 0 0 0 0 0 0 0 0 0 0 0 0 0 0 0 0 0 0 0 0 0 0 0 0 0 325 325 325 0 0 0 0 0 0 0 0 0 0 0 0 0 0 0 0 0 0 0 0 0 0 0 0 0 0 0 0 0 0 0 0 0 185 185 185 185 185 185 185 185 185 185 185 185 185 0 0 0 0 293 293 293 293 293 293 293 293 0 0 0 0 0 0 0 0 0 0 356 356 356 356 356 356 329 0 329 329 329 329 329 329 329 356 0 0 0 0 0 0 0 0 0 0 0 0 0 0 0 153 153 153 153 153 153 153 153 153 153 153 153 0 0 0 0 0 0 0 0 0 0 0 0 0
0 0 0 0 0 0 0 0 0 0 0 0 0 0 0 0 0 0 0 0 0 0 0 85 85 85 85 315 315 315 315 315 315 315 315 315 315 0 0 0 0 0 0 0 0 0 0 0 0 0 0 0 0 0 0 0 0 0 0 0 0 0 0 0 0 0 0 0 0 0 0 0 0 325 325 325 0 0 0 0 0 0 0 0 0 0 0 0 0 0 0 0 0 0 0 0 0 0 0 0 0 0 0 0 0 0 0 0 0 185 185 185 185 185 185 185 185 185 185 185 185 185 0 0 0 0 293 293 293 293 293 293 293 293 0 0 0 0 0 0 0 0 0 0 356 356 356 356 356 356 356 0 356 356 356 356 356 356 356 356 0 0 0 0 0 0 0 0 0 0 0 0 0 0 0 153 153 153 153 153 153 153 153 153 153 153 153 0 0 0 0 0 0 0 0 0 0 0 0 0
0 0 0 0 0 0 0 0 0 0 0 0 0 0 0 0 0 0 0 0 0 0 0 0 0 0 315 315 315 315 315 315 315 315 315 315 315 0 0 0 0 0 0 0 0 0 0 0 0 0 0 0 0 0 0 0 0 0 0 0 0 0 0 0 0 0 0 0 0 0 0 0 325 325 325 325 325 325 325 325 325 325 325 325 325 0 0 0 0 0 0 0 0 0 0 0 0 0 0 0 0 0 0 0 0 0 0 0 0 185 185 185 185 185 185 185 185 185 185 185 185 185 0 0 0 0 293 293 293 293 293 293 293 293 0 0 0 0 0 0 0 0 0 0 0 0 356 356 356 356 356 0 356 356 356 356 356 356 356 356 0 0 0 0 0 0 0 0 0 0 0 0 0 0 0 0 0 153 153 153 153 153 153 153 153 153 153 0 0 0 0 0 0 0 0 0 0 0 0 0
0 0 0 0 0 0 0 0 0 0 0 0 0 0 0 0 0 0 0 0 0 0 0 0 0 0 0 0 0 0 0 0 0 0 0 0 0 0 0 0 0 0 0 0 0 0 0 0 0 0 0 0 0 0 0 0 0 0 0 0 0 0 0 0 0 0 0 0 0 0 0 0 325 325 325 325 325 325 325 325 325 325 325 325 325 0 0 0 0 0 0 0 0 0 0 0 0 0 0 0 0 0 0 0 27 27 0 0 0 185 185 185 185 185 185 185 185 185 185 185 185 185 0 0 0 0 0 0 0 0 0 0 0 0 0 0 0 0 0 0 0 0 0 0 0 0 356 356 356 356 356 0 356 356 356 356 356 356 356 356 0 0 0 0 0 0 0 0 0 0 0 0 0 0 0 0 0 0 0 0 0 0 0 153 153 153 153 0 0 0 0 0 0 0 0 0 0 0 0 0
0 0 0 0 0 0 0 0 0 0 0 0 0 0 0 0 0 0 0 0 0 0 0 0 0 0 0 0 0 0 0 0 0 0 0 0 0 0 0 0 0 0 0 0 0 0 0 0 0 0 0 0 0 0 0 0 0 0 0 0 0 0 0 0 0 0 0 0 0 0 0 0 325 325 325 325 325 325 325 325 325 325 325 325 325 0 0 0 0 0 0 0 0 0 0 0 0 0 0 0 0 0 0 0 27 27 27 27 27 27 0 0 0 0 0 0 0 0 0 0 0 0 0 0 0 0 0 0 0 0 0 0 0 0 0 0 0 0 0 0 0 0 0 0 0 0 356 356 356 356 356 0 356 356 356 356 356 356 356 356 356 356 356 356 356 0 0 0 0 0 0 0 0 0 0 0 0 0 0 0 0 0 0 153 153 153 153 0 0 0 0 0 0 0 0 0 0 0 0 0
0 0 0 0 0 0 0 0 0 0 0 0 0 0 0 0 0 0 0 0 0 0 0 0 0 0 0 0 0 0 0 0 0 0 0 0 0 0 0 0 0 0 0 0 0 0 0 0 0 0 0 0 0 0 0 0 0 0 0 0 325 325 325 325 325 325 325 325 325 325 325 325 325 325 325 325 325 325 325 325 325 325 325 325 325 0 0 0 0 0 0 0 0 0 0 0 0 0 0 0 0 0 0 0 27 27 27 27 27 27 27 0 0 0 0 0 0 0 0 0 0 0 0 0 0 0 0 0 0 0 0 0 0 0 0 0 0 0 0 0 0 0 0 0 0 0 356 356 356 356 356 0 356 356 356 356 356 356 356 356 356 356 356 356 356 0 0 0 0 0 0 0 0 0 0 0 0 0 0 0 0 0 0 153 153 153 153 0 0 0 0 0 0 0 0 0 0 0 0 0
0 0 0 0 0 0 0 0 0 0 0 0 0 0 0 0 0 0 0 0 0 0 0 0 0 0 0 0 0 0 0 0 0 0 0 0 0 0 0 0 0 0 0 0 0 0 0 0 0 0 0 0 0 0 0 0 0 0 0 0 325 325 325 325 325 325 325 325 325 325 325 325 325 325 325 325 325 325 325 325 325 325 325 325 325 0 0 0 0 0 0 0 0 0 0 0 0 0 0 0 0 0 0 0 27 27 27 27 27 27 27 0 0 0 0 0 0 0 0 0 0 0 0 0 0 0 0 0 0 0 0 0 0 0 0 0 0 0 0 0 0 0 0 177 177 177 177 177 177 177 177 177 177 356 356 356 356 356 356 356 356 356 356 356 356 265 265 265 265 265 265 265 265 0 0 0 0 0 0 0 0 0 0 153 153 153 153 0 0 0 0 0 0 0 0 0 0 0 0 0
0 0 0 0 0 0 0 0 0 0 0 0 0 0 0 0 0 0 0 0 0 0 0 0 0 0 0 0 0 0 0 0 0 0 0 0 0 0 0 0 0 0 0 0 0 0 0 0 0 0 0 0 0 0 0 0 0 0 0 0 325 325 325 325 325 325 325 325 325 325 325 325 325 325 325 325 325 325 325 325 325 325 325 325 325 0 0 0 0 0 0 0 0 0 0 0 0 0 0 0 0 0 0 0 27 27 27 27 27 27 27 27 27 27 0 0 0 0 0 0 0 0 0 0 0 0 0 0 0 0 0 0 0 0 0 0 0 0 0 0 0 0 0 177 177 177 177 177 177 177 177 177 177 356 356 356 356 356 356 356 356 356 356 356 356 265 265 265 265 265 265 265 265 0 0 265 0 0 0 0 0 0 0 153 153 153 153 0 0 0 0 0 0 0 0 0 0 0 0 0
0 0 0 0 0 0 0 0 0 0 0 0 0 0 0 0 0 0 0 0 0 0 0 0 0 0 0 0 0 0 0 0 0 0 0 0 0 0 0 0 0 0 0 0 0 0 0 0 0 0 0 0 0 0 0 0 0 0 0 0 325 325 325 325 325 325 325 325 325 325 325 325 325 325 325 325 325 325 325 325 325 325 325 325 325 0 0 0 0 0 0 0 0 0 0 0 0 27 27 27 27 27 27 27 27 27 27 27 27 27 27 27 27 27 0 0 0 0 0 0 0 0 0 0 0 0 0 0 0 0 0 0 0 0 0 0 0 0 0 0 0 0 0 177 177 177 177 177 177 177 177 177 177 356 356 356 356 356 356 356 356 356 356 356 356 265 265 265 265 265 265 265 265 0 0 265 0 0 0 0 0 0 0 153 153 153 153 0 0 0 0 0 0 0 0 0 0 0 0 0
0 0 0 0 0 0 0 0 0 0 0 0 0 0 0 0 0 0 0 0 0 0 0 0 0 0 158 158 158 158 158 0 0 0 0 0 0 0 0 0 0 0 0 0 0 0 0 0 0 0 0 0 0 0 0 0 0 0 0 0 325 325 325 325 325 325 325 325 325 325 325 325 325 325 325 325 325 325 325 325 325 325 325 325 325 0 0 0 0 0 0 0 0 0 0 0 0 27 27 27 27 27 27 27 27 27 27 27 0 27 27 27 27 27 0 0 0 0 0 0 0 0 0 0 0 0 0 0 0 0 0 0 0 0 0 0 0 0 0 0 0 0 0 177 177 177 177 177 177 177 177 177 177 356 356 177 177 177 177 177 356 356 356 356 356 265 265 265 265 265 265 265 265 0 0 265 0 0 0 0 0 0 0 0 0 0 0 0 0 0 0 0 0 0 0 0 0 0 0 0
0 0 0 0 0 0 0 0 0 0 0 0 0 0 0 0 0 0 158 158 0 0 0 0 0 0 158 158 158 158 158 0 0 0 0 0 0 0 0 0 0 0 0 0 0 0 0 0 0 0 0 0 0 0 0 0 0 0 0 0 325 325 325 325 325 325 325 325 325 325 325 325 325 325 325 325 325 325 325 325 325 325 325 325 325 0 0 0 0 0 0 0 0 0 0 0 0 27 27 27 27 27 27 27 27 27 27 27 0 27 27 27 27 27 0 0 0 0 0 0 0 0 0 0 0 0 0 0 0 0 0 0 0 0 0 0 0 0 0 0 0 0 0 177 177 177 177 177 177 177 177 177 177 356 0 0 0 0 0 177 0 0 0 0 0 265 265 265 265 265 265 265 265 0 0 265 0 0 0 0 0 0 0 0 0 0 0 0 0 0 0 0 0 0 0 0 0 0 0 0
0 0 0 0 0 0 0 0 0 0 0 0 0 0 0 158 158 158 158 158 0 0 0 0 0 0 158 158 158 158 158 0 0 0 0 0 0 0 0 0 0 0 0 0 0 0 0 0 0 0 0 0 0 0 0 0 0 0 0 0 325 325 325 325 325 325 325 325 325 325 325 325 325 325 325 325 325 325 325 325 325 325 325 325 325 0 0 0 0 0 0 0 0 0 0 0 0 27 27 27 27 27 27 27 27 27 27 27 0 27 27 27 27 27 0 0 0 0 0 0 0 0 0 0 0 0 0 0 0 0 0 0 0 0 0 0 0 0 0 0 0 0 0 177 177 177 177 177 177 177 177 177 177 0 0 0 0 0 0 177 0 0 0 0 0 265 265 265 265 265 265 265 265 0 0 265 0 0 0 0 0 0 0 0 0 0 0 0 0 0 0 0 0 0 0 0 0 0 0 0
0 0 0 0 0 0 0 0 0 0 0 0 0 0 0 158 158 158 158 158 0 0 0 0 0 0 158 158 158 158 158 0 0 0 0 0 0 0 0 0 0 0 0 0 0 0 0 0 0 0 0 0 0 0 0 0 0 0 0 0 325 325 325 325 325 325 325 325 325 325 325 325 325 325 325 325 325 325 325 325 325 325 325 325 325 0 0 0 0 0 0 0 0 0 0 0 0 27 27 27 27 27 27 27 27 27 27 27 0 27 27 27 27 27 0 0 0 0 0 0 0 0 0 0 0 0 0 0 0 0 0 0 0 0 0 0 0 0 0 0 0 0 0 177 177 177 177 177 177 177 177 177 177 0 0 0 0 0 0 177 0 0 0 0 0 0 0 0 0 0 0 0 0 0 0 0 0 0 0 0 0 0 0 0 0 0 0 0 0 0 0 0 0 0 0 0 0 0 0 0
0 0 0 0 0 0 0 0 0 0 0 0 0 0 0 158 158 158 158 158 0 0 0 0 0 59 59 158 158 158 158 0 0 0 0 0 0 0 0 0 0 0 0 0 0 0 0 0 0 0 0 0 0 0 0 0 0 0 0 0 0 0 0 0 0 0 0 0 0 0 0 0 0 0 0 0 0 0 0 0 0 0 0 0 0 0 0 0 0 0 0 0 0 0 0 0 0 27 27 27 27 27 27 27 27 27 27 27 27 27 27 27 27 27 0 0 0 0 0 0 0 0 0 0 0 0 0 0 0 0 0 0 0 0 0 0 0 0 0 0 0 0 0 177 177 177 177 177 177 177 177 177 177 0 0 0 0 0 0 177 0 0 0 0 0 0 0 0 0 0 0 0 0 0 0 0 0 0 0 0 0 0 0 0 0 0 0 0 0 0 0 0 0 0 0 0 0 0 0 0
0 0 0 0 0 0 0 0 0 0 0 0 0 0 0 158 158 158 158 158 158 158 158 0 0 59 59 0 0 0 0 0 0 0 0 0 0 0 0 0 0 0 0 0 0 0 0 0 0 0 0 0 0 0 0 0 0 0 0 0 0 0 0 0 0 0 0 0 0 0 0 0 0 0 0 0 0 0 0 0 0 0 0 0 0 0 0 0 0 0 0 0 0 0 0 0 0 27 27 27 27 27 27 27 27 27 27 27 27 27 27 27 27 27 0 0 0 0 0 0 0 0 0 0 0 0 0 0 0 0 0 0 0 0 0 0 0 0 0 0 0 0 0 177 177 177 177 177 177 177 177 177 177 0 0 0 0 0 0 0 0 0 0 0 0 0 0 0 0 0 0 0 0 0 0 0 0 0 0 0 0 0 0 0 0 0 0 0 0 0 0 0 0 0 0 0 0 0 0 0
0 0 0 0 0 0 0 0 0 0 0 0 0 0 0 158 158 158 158 158 158 158 158 0 0 59 59 0 0 0 0 0 0 0 0 0 0 0 0 0 0 0 0 0 0 0 0 0 0 0 0 0 0 0 0 0 0 0 0 0 0 0 0 0 0 0 0 0 0 0 0 0 0 0 0 0 0 0 0 0 0 0 0 0 0 0 0 0 0 0 0 0 0 0 0 0 0 27 27 27 27 27 27 0 0 27 0 0 27 0 0 0 0 0 0 0 0 0 0 0 0 0 0 0 0 0 0 0 0 0 0 0 0 0 0 0 0 0 0 0 0 0 177 177 177 177 177 177 177 177 177 177 177 0 0 0 0 0 0 0 0 0 0 0 0 0 0 0 0 0 0 0 0 0 0 0 0 0 0 0 0 0 0 0 0 0 0 0 0 0 0 0 0 0 0 0 0 0 0 0
0 0 0 0 0 0 0 0 0 0 0 0 0 0 0 158 158 158 158 158 158 158 158 0 0 59 59 0 0 0 0 0 0 0 0 0 0 0 0 0 0 0 0 0 0 0 0 0 0 0 0 0 0 0 0 0 0 0 0 0 0 0 0 0 0 0 0 0 0 0 0 0 0 0 0 0 0 0 0 0 0 0 0 0 0 0 0 0 0 0 0 0 0 0 0 0 0 0 0 0 27 27 27 0 0 27 0 0 0 0 0 0 0 0 0 0 0 0 0 0 0 0 0 0 0 0 0 0 0 0 0 0 0 0 0 0 0 0 0 0 0 0 177 177 177 177 177 177 177 177 177 177 177 177 0 0 0 0 0 0 0 0 0 0 0 0 0 0 0 0 0 0 0 0 0 0 0 0 0 0 0 0 0 0 0 0 0 0 0 0 0 0 0 0 0 0 0 0 0 0
0 0 0 0 0 0 0 0 0 0 0 0 0 0 0 158 158 158 158 158 158 158 158 0 0 0 0 0 0 0 0 0 0 0 0 0 0 0 0 0 0 0 0 0 0 0 0 0 0 0 0 0 0 0 0 0 0 0 0 0 0 0 0 0 0 0 0 0 0 0 0 0 0 0 0 0 0 0 0 0 0 0 0 0 0 0 0 0 0 0 0 0 0 0 0 0 0 0 0 0 27 27 27 0 0 27 0 0 0 0 0 0 0 0 0 0 0 0 0 0 0 0 0 0 0 0 0 0 0 0 0 0 0 0 0 0 0 0 0 0 0 0 177 177 177 177 177 177 177 177 177 177 177 177 0 0 0 0 0 0 0 0 0 0 0 0 0 0 0 0 0 0 0 0 0 0 0 0 0 0 0 0 0 0 0 0 0 0 0 0 0 0 0 0 0 0 0 0 0 0
0 0 0 0 0 0 260 260 260 260 260 0 0 0 0 0 0 0 0 158 158 158 158 0 0 0 0 0 0 0 0 0 0 0 0 0 0 0 0 0 0 0 0 0 0 0 0 0 0 0 0 0 0 0 0 0 0 0 0 0 0 0 0 0 0 0 0 0 0 0 0 0 0 0 0 0 0 0 0 0 0 0 0 0 0 0 0 0 0 0 0 0 0 0 0 0 0 0 0 0 27 27 27 0 0 27 0 0 0 0 0 0 0 0 0 0 0 0 0 0 0 0 0 0 0 0 0 0 0 0 0 0 0 0 0 0 0 0 0 0 0 0 177 177 177 177 177 177 177 177 177 177 177 177 0 0 0 0 0 177 177 177 177 177 177 177 177 177 177 0 0 0 0 0 0 0 0 0 0 0 0 0 0 0 0 0 0 0 0 0 0 0 0 0 0 0 0 0 0 0
0 0 0 0 0 0 260 260 260 260 260 0 0 0 0 0 0 0 0 260 158 158 158 0 0 0 0 0 0 0 0 0 0 0 0 0 0 0 0 0 0 0 0 0 0 0 0 0 0 0 0 0 0 0 0 0 0 0 0 0 0 0 0 0 0 0 0 0 0 0 0 351 351 351 351 351 351 351 351 351 351 351 351 351 351 351 0 0 0 0 0 0 0 0 0 0 0 0 0 0 0 0 0 0 0 0 0 0 0 0 0 0 0 0 0 0 0 0 0 0 0 0 0 0 0 0 0 0 0 0 0 0 0 0 0 0 0 0 0 0 0 0 177 177 177 177 177 177 177 177 177 177 177 177 177 177 177 177 177 177 177 177 177 177 177 177 177 177 177 0 0 0 0 0 0 0 0 0 0 0 0 0 0 0 0 0 0 0 0 0 0 0 0 0 0 0 0 0 0 0
0 0 0 0 0 0 260 260 260 260 260 0 0 0 0 0 0 0 0 260 158 158 158 0 0 0 0 0 0 0 0 0 0 0 0 0 0 0 0 0 0 0 0 0 0 0 0 0 0 0 0 0 0 0 0 0 0 0 0 0 0 0 0 0 0 0 0 0 0 0 0 351 351 351 351 351 351 351 351 351 351 351 351 351 351 351 0 0 0 0 0 0 0 0 0 0 0 0 0 0 0 0 0 0 0 0 0 0 0 0 0 0 0 0 0 0 0 0 0 0 0 0 0 0 0 0 0 0 0 0 0 0 0 0 0 0 0 0 0 0 0 0 177 177 177 177 177 177 177 177 177 177 177 177 177 177 177 177 177 177 177 177 177 177 177 177 177 177 177 0 0 0 0 0 0 0 0 0 0 0 0 0 0 0 0 0 0 0 0 0 0 0 0 0 0 0 0 0 0 0
0 0 0 0 0 0 260 260 260 260 260 0 0 0 0 0 0 0 0 260 158 158 158 0 0 0 0 0 0 0 0 0 0 0 0 0 0 0 0 0 0 0 0 0 0 0 0 0 0 0 0 0 0 0 0 0 0 0 0 0 0 0 0 0 0 0 0 0 0 0 0 351 351 351 351 351 351 351 351 351 351 351 351 351 351 351 0 0 0 0 0 0 0 0 0 0 0 0 0 0 0 0 0 0 0 0 0 0 0 0 0 0 0 0 0 0 0 0 0 0 0 0 0 0 0 0 0 0 0 0 0 0 0 0 0 0 0 0 0 0 0 0 177 177 177 177 177 177 177 177 177 177 177 177 177 177 177 177 177 177 177 177 177 177 177 177 177 177 177 0 0 0 0 0 0 0 0 0 0 0 0 0 0 0 0 0 0 0 0 0 0 0 0 0 0 0 0 0 0 0
0 0 0 0 0 0 260 260 260 260 260 0 0 0 0 0 0 0 0 260 158 158 158 0 0 0 0 0 0 0 0 0 0 0 0 0 0 0 0 0 0 0 0 0 0 0 0 0 0 0 0 0 0 0 0 0 0 0 0 0 0 0 0 0 0 0 0 0 0 0 0 351 351 351 351 351 351 351 351 351 351 351 351 351 351 351 0 0 0 0 0 0 0 0 0 0 0 0 0 0 0 0 0 0 0 0 0 0 0 0 0 0 0 0 0 0 0 0 0 0 0 0 0 0 0 0 0 0 0 0 0 0 0 0 0 0 0 0 0 0 0 0 0 0 0 0 0 0 177 177 177 177 177 177 177 177 177 177 177 177 177 0 177 177 177 177 177 177 177 0 0 0 0 438 438 438 438 438 438 438 438 0 0 0 0 0 0 0 0 0 0 0 0 0 0 0 0 0 0 0
0 0 0 0 0 0 0 0 0 0 260 0 0 0 0 0 0 0 0 260 0 0 0 0 0 0 0 0 0 0 0 0 0 0 59 59 59 59 59 59 59 59 0 0 0 0 0 0 0 0 0 0 0 0 0 0 0 0 0 0 0 0 0 0 0 0 0 0 0 0 0 351 351 351 351 351 351 351 351 351 351 351 351 351 351 351 0 0 0 0 0 0 0 0 0 0 0 0 0 0 0 0 0 0 0 0 0 0 0 0 0 0 0 0 0 0 0 0 0 0 0 0 0 0 0 0 0 0 0 0 0 0 0 0 0 0 0 0 0 0 0 0 0 0 0 0 0 0 177 177 177 177 177 177 177 177 177 177 177 177 177 0 177 177 438 438 438 438 438 438 438 438 0 438 438 438 438 438 438 438 438 0 0 0 0 0 0 0 0 0 0 0 0 0 0 0 0 0 0 0
0 0 0 0 0 0 0 0 0 0 0 0 0 0 0 0 0 0 0 260 0 0 0 0 0 0 0 0 0 0 0 0 0 0 59 59 59 59 59 59 59 59 117 117 117 117 0 0 0 0 0 0 0 0 0 0 0 0 0 0 0 0 0 0 0 0 0 0 0 0 0 0 0 0 0 351 351 351 0 0 0 351 351 351 351 351 0 0 0 0 0 0 0 0 0 0 0 0 0 0 0 0 0 0 0 0 0 0 0 0 0 0 0 0 0 0 0 0 0 0 0 0 0 0 0 0 0 0 0 0 0 0 0 0 0 0 0 0 0 0 0 0 0 0 0 0 0 0 177 177 177 177 177 177 177 177 177 177 177 177 177 177 0 0 0 0 0 0 0 0 438 438 0 438 438 438 438 438 438 438 438 491 491 491 491 491 491 491 491 491 491 0 0 0 0 0 0 0 0 0
0 0 0 0 0 0 0 0 0 0 0 0 0 0 0 0 0 0 0 260 0 0 0 0 0 0 0 0 0 0 0 0 0 0 59 59 59 59 59 59 59 59 117 117 117 117 0 0 0 0 0 0 0 0 0 0 0 0 0 0 0 0 0 0 0 0 0 0 0 0 0 0 0 0 0 351 351 351 0 0 0 351 351 351 351 351 0 0 0 0 0 0 0 0 0 0 0 0 0 0 0 0 0 0 0 0 0 0 0 0 0 0 0 0 0 0 0 0 0 0 0 0 0 0 0 0 0 0 0 0 0 0 0 0 0 0 0 0 0 0 0 0 0 0 0 0 0 0 177 177 177 177 177 177 177 177 177 177 177 177 177 177 0 0 0 0 0 0 0 0 438 438 0 438 438 438 438 438 438 438 438 491 491 491 491 491 491 491 491 491 491 0 0 0 0 0 0 0 0 0
0 0 0 0 0 0 0 0 0 0 0 0 0 0 0 0 0 0 0 260 0 0 0 0 0 0 0 0 0 0 0 0 0 0 59 59 59 59 59 59 59 59 117 117 117 117 0 0 0 0 0 0 0 0 0 0 0 0 0 0 0 0 0 0 0 0 0 0 0 0 0 0 0 0 0 351 0 0 0 0 0 0 0 0 0 0 0 0 0 0 0 0 0 0 0 0 0 0 0 0 0 0 0 0 0 0 0 0 0 0 0 0 0 0 0 0 0 0 0 0 0 0 0 0 0 0 0 0 0 0 0 0 0 0 0 0 0 0 0 0 0 0 0 0 0 0 0 0 0 0 0 0 0 0 177 177 177 177 177 177 177 177 0 0 0 0 0 0 0 0 438 438 0 438 438 438 438 438 438 438 438 491 491 491 491 491 491 491 491 491 491 0 0 0 0 0 0 0 0 0
0 0 0 0 0 0 0 0 0 0 260 260 260 260 260 260 260 260 260 260 0 0 0 0 0 0 0 0 0 0 0 0 0 0 59 59 59 59 59 59 59 59 117 117 117 117 0 0 0 0 0 0 0 0 0 0 0 0 0 0 0 0 0 0 0 0 0 0 0 0 0 0 0 0 0 351 0 0 0 0 0 0 0 0 0 0 481 481 31 31 31 0 0 0 0 0 0 0 0 0 0 0 0 0 0 0 0 0 0 0 0 0 0 0 0 0 0 0 0 0 0 0 0 0 0 0 0 0 0 0 0 0 0 0 0 0 0 0 0 0 0 0 0 0 0 0 0 0 0 0 0 0 0 0 177 177 177 177 177 177 177 177 0 0 0 0 0 0 0 0 438 438 0 438 438 438 438 438 438 438 438 491 491 491 491 491 491 491 491 491 491 0 0 0 0 0 0 0 0 0
0 0 0 0 0 0 0 0 0 260 260 260 260 260 260 260 260 260 260 260 0 0 0 0 0 0 0 0 0 0 0 0 0 0 59 59 59 59 59 59 59 59 117 117 117 117 0 0 0 0 0 0 0 0 0 0 0 0 0 0 0 0 0 0 0 0 0 0 0 0 0 0 0 0 0 0 0 0 0 0 0 0 0 0 0 0 481 481 31 31 31 31 31 31 31 31 31 31 31 31 31 31 0 0 0 0 0 0 0 0 0 0 0 0 0 0 0 0 0 0 0 0 0 0 0 0 0 0 0 0 0 0 0 0 0 0 0 0 244 244 0 0 244 244 244 244 244 244 244 0 0 0 0 0 0 0 0 0 0 0 0 0 0 0 0 0 0 0 0 0 438 438 0 438 438 438 438 438 438 438 438 491 491 491 491 491 491 491 491 491 491 0 0 0 0 0 0 0 0 0
0 0 0 0 0 0 0 0 0 260 260 260 260 260 260 260 260 260 260 260 0 0 0 0 0 0 0 0 0 0 0 0 0 0 59 59 59 59 59 59 59 59 117 0 0 117 0 0 0 0 0 0 0 0 0 0 0 0 0 0 0 0 0 0 0 0 0 0 0 0 0 0 0 0 0 0 0 0 0 0 0 0 0 0 0 0 0 31 31 31 31 31 31 31 31 31 31 31 31 31 31 31 0 0 0 0 0 0 0 0 0 0 0 0 0 0 0 0 0 0 0 0 0 0 0 0 0 0 0 0 0 0 0 0 0 0 0 0 244 244 0 0 244 244 244 244 244 244 244 0 0 0 0 0 0 0 0 0 0 0 0 0 0 0 0 0 0 0 0 0 438 438 0 0 0 0 0 0 0 0 491 491 491 491 491 491 491 491 491 491 491 0 0 0 0 0 0 0 0 0
0 0 0 0 260 260 0 0 0 260 260 260 260 260 260 260 260 0 0 0 0 0 0 0 0 0 0 0 0 0 0 0 246 246 246 246 246 246 117 117 117 117 117 0 0 117 0 0 0 0 0 0 0 0 0 0 0 0 0 0 0 0 0 0 0 0 0 0 0 0 0 0 0 0 0 0 0 0 0 0 0 0 0 0 0 0 0 31 31 31 31 31 31 31 31 31 31 31 31 31 31 31 0 0 0 0 0 0 0 0 0 0 0 0 0 0 0 0 0 0 0 0 0 0 0 0 0 0 0 0 0 0 0 0 0 0 0 0 244 244 244 244 244 244 244 244 244 244 244 244 244 244 244 244 244 244 244 0 0 0 0 0 0 0 0 0 0 0 0 0 0 438 438 438 438 438 0 0 0 0 491 491 491 491 491 491 491 0 0 0 0 0 0 0 0 0 0 0 0 0
0 0 0 0 260 260 0 0 0 260 260 260 260 260 260 260 260 0 0 0 0 0 0 0 0 117 117 117 117 117 117 117 246 246 246 246 246 246 117 117 246 246 246 0 0 246 246 246 246 246 0 0 0 0 0 0 0 0 0 0 0 0 0 0 0 0 0 0 0 0 0 0 0 0 0 0 0 0 0 0 0 0 0 0 0 0 0 31 481 481 481 31 31 31 31 31 31 31 31 31 31 31 0 0 0 0 0 0 0 0 0 0 0 0 0 0 0 0 0 0 0 0 0 0 0 0 0 0 0 0 0 0 0 0 0 0 0 0 244 244 244 244 244 244 244 244 244 244 244 244 244 244 244 244 244 244 244 0 0 0 0 0 0 0 0 0 0 0 0 0 0 438 438 438 438 438 0 0 0 0 0 0 0 0 491 491 491 0 0 0 0 0 0 0 0 0 0 0 0 0
0 0 0 0 260 260 0 0 0 260 260 260 260 260 260 260 260 0 0 0 0 0 0 0 0 117 117 117 117 117 117 117 0 0 246 246 246 246 117 117 246 246 246 246 246 246 246 246 246 246 0 0 0 0 0 0 0 0 0 0 0 0 0 0 0 0 0 0 0 0 0 0 0 0 0 0 0 0 0 0 0 0 0 0 0 0 0 31 481 481 481 31 31 31 31 31 31 31 31 31 31 31 0 0 0 0 0 0 0 0 0 0 0 0 0 0 0 0 0 0 0 0 0 0 0 0 0 0 0 0 0 0 0 0 0 0 0 0 244 244 244 244 244 244 244 244 244 244 244 244 244 244 244 244 244 244 244 0 0 0 0 0 0 0 0 0 0 0 0 0 0 438 438 438 438 438 0 0 0 0 0 0 0 0 491 491 491 0 0 0 0 0 0 0 0 0 0 0 0 0
0 0 0 0 0 0 0 0 0 260 260 260 260 260 260 260 260 0 0 0 0 0 0 0 0 117 117 117 117 117 117 117 0 0 246 246 246 246 117 0 246 246 246 246 246 246 246 246 246 246 0 0 0 0 0 0 0 0 0 0 0 0 0 0 0 0 0 0 0 0 0 0 0 0 0 0 0 0 0 0 0 0 0 0 0 0 0 31 481 481 481 31 31 31 31 31 31 31 31 31 31 31 0 0 0 0 0 0 0 0 0 0 0 0 0 0 0 0 0 0 0 0 0 0 0 0 0 0 0 0 0 0 0 0 0 0 0 0 244 244 244 244 244 0 0 0 0 0 0 244 244 244 244 244 244 244 244 0 0 0 0 0 0 0 0 438 438 438 438 0 0 438 438 438 438 438 0 0 0 0 0 0 0 0 491 491 491 0 0 491 491 0 0 0 0 0 0 0 0 0
0 0 0 0 0 0 0 0 0 260 260 260 260 260 260 260 260 0 0 0 0 0 0 0 0 0 0 0 0 0 0 0 246 246 246 246 117 117 117 0 246 246 246 246 246 246 246 246 246 246 0 0 0 0 0 0 0 0 0 0 0 0 0 0 0 0 0 0 0 0 0 0 0 0 0 0 0 0 0 0 0 0 0 0 0 0 0 31 481 481 481 31 31 31 31 31 31 31 31 31 31 31 0 0 0 0 0 0 0 0 0 0 0 0 0 0 0 0 0 0 0 0 0 0 0 0 0 0 0 0 0 0 0 0 0 0 0 0 244 244 244 244 244 0 0 0 0 0 0 244 244 244 244 244 244 244 244 0 0 0 0 0 0 0 0 0 0 438 438 0 0 438 438 438 438 438 438 0 0 0 0 0 0 0 0 0 0 0 0 491 491 0 0 0 0 0 0 0 0 0
0 0 0 0 0 0 0 0 0 0 0 0 0 0 0 0 0 0 0 0 0 0 0 0 0 0 0 0 0 0 0 0 0 0 0 117 117 117 117 0 246 246 246 246 246 246 246 246 246 246 0 0 0 0 0 0 0 0 0 0 0 0 0 0 0 0 0 0 0 0 0 0 0 0 0 0 0 0 0 0 0 0 0 0 0 0 0 31 481 481 481 31 31 31 31 31 31 31 31 31 31 31 0 0 0 0 0 0 0 0 0 0 0 0 0 0 0 0 0 0 0 0 0 0 0 0 0 0 0 0 0 0 0 0 0 0 0 0 244 244 244 244 244 0 0 0 0 0 0 0 0 0 0 0 0 0 0 0 0 0 0 0 0 0 0 0 0 438 438 0 0 438 438 438 438 438 438 0 0 0 0 0 0 0 0 0 0 0 0 491 491 0 0 0 0 0 0 0 0 0
0 0 0 0 0 0 0 0 0 0 0 0 0 0 0 0 0 0 0 0 0 0 0 0 0 0 0 0 0 0 0 0 0 0 0 0 0 0 0 0 0 0 0 0 0 0 0 0 0 246 0 0 0 0 0 0 0 0 0 0 0 0 0 0 0 0 0 0 0 0 0 0 0 0 0 0 0 0 0 0 0 0 0 0 0 0 0 31 481 481 481 31 31 31 31 31 31 31 31 31 31 31 0 0 0 0 0 0 0 0 0 0 0 0 0 0 0 0 0 0 0 0 0 0 0 0 0 0 0 0 0 0 0 0 0 0 0 0 0 0 244 0 0 0 0 0 0 0 0 0 0 0 0 0 0 0 0 0 0 0 0 0 0 0 0 0 0 438 438 0 0 0 438 438 438 438 438 0 0 0 0 0 0 0 0 0 0 0 0 491 491 0 0 0 0 0 0 0 0 0
0 0 0 0 0 0 0 0 0 0 0 0 0 0 0 0 0 0 0 0 0 0 0 0 0 0 0 0 0 0 0 0 0 0 0 0 0 0 0 0 0 0 0 0 0 0 0 0 0 246 0 0 0 0 0 0 0 0 0 0 0 0 0 0 0 0 0 0 0 0 0 0 0 0 0 0 0 0 0 0 0 0 0 0 0 0 0 481 481 481 481 31 31 31 31 31 31 31 31 31 31 31 0 0 0 0 0 0 0 0 0 0 0 0 0 0 0 0 0 0 0 0 0 0 0 0 0 0 0 0 0 0 0 0 0 0 0 0 0 0 244 0 0 0 0 0 0 0 0 0 0 0 0 0 0 0 0 0 0 0 0 0 0 0 0 0 0 0 0 0 0 0 438 438 438 438 438 0 0 0 0 0 0 0 0 0 0 0 0 491 491 0 0 0 0 0 0 0 0 0
0 0 0 0 0 0 0 0 0 0 0 0 0 0 0 0 0 0 0 0 0 0 0 0 0 0 0 0 0 0 246 246 246 246 246 246 246 246 246 246 246 246 246 0 0 0 0 0 0 0 0 0 0 0 0 0 0 0 0 0 0 0 0 0 0 0 0 0 0 0 0 0 0 0 0 0 0 0 0 0 0 0 0 0 0 0 0 481 481 481 481 31 31 31 31 31 31 31 31 31 31 31 0 0 0 0 0 0 0 0 0 0 0 0 0 0 0 0 0 0 0 0 0 0 0 0 0 0 0 0 0 0 0 0 0 0 0 0 0 0 244 0 0 0 244 244 0 0 0 0 0 0 0 0 0 0 0 0 0 0 0 0 0 0 0 0 0 0 0 0 0 0 438 438 438 438 438 0 0 0 0 0 0 0 0 0 0 0 0 491 491 0 0 0 0 0 0 0 0 0
0 0 0 0 0 0 0 0 0 0 0 0 0 0 0 0 0 0 0 0 0 0 0 0 0 0 0 0 0 0 246 246 246 246 246 246 246 246 246 246 246 246 246 0 0 0 0 0 0 0 0 0 0 0 0 0 0 0 0 0 0 0 0 0 0 0 0 0 0 0 0 0 0 0 0 0 0 0 0 0 0 0 0 0 0 0 0 481 481 481 481 0 0 0 0 0 0 0 0 0 0 0 0 0 0 0 0 0 0 0 0 0 0 0 0 0 0 0 0 0 0 0 0 0 0 0 0 0 0 0 0 0 0 0 0 0 0 244 244 244 244 244 244 244 244 244 244 0 0 0 0 0 0 0 0 0 0 0 0 0 0 0 0 0 0 0 0 0 0 0 0 0 438 438 438 438 438 0 0 0 0 0 0 0 0 0 0 0 0 0 0 0 0 0 0 0 0 0 0 0
0 0 0 0 0 0 0 0 0 0 0 0 0 0 0 0 0 0 0 0 0 0 0 0 0 0 0 0 0 0 246 246 246 246 246 246 246 246 246 246 246 246 246 0 0 0 0 0 0 0 0 0 0 0 0 0 0 0 0 0 0 0 0 0 0 0 0 0 0 0 0 0 0 0 0 0 0 0 481 481 481 481 481 481 481 481 481 481 481 481 481 0 0 0 0 0 0 0 0 0 0 0 0 0 0 0 0 0 0 0 0 0 0 0 0 0 0 0 0 0 0 0 0 0 0 0 0 0 0 0 0 0 0 0 0 0 0 244 244 244 244 244 244 244 244 244 244 0 0 0 0 0 0 0 0 0 0 0 0 0 0 0 0 0 0 0 0 0 0 0 0 0 0 0 0 0 0 0 0 0 0 0 0 0 0 0 0 0 0 0 0 0 0 0 0 0 0 0 0 0
0 0 0 0 0 0 0 0 0 0 0 0 0 0 0 0 0 0 0 0 0 0 0 0 0 0 0 0 0 0 246 246 246 246 246 246 246 246 246 246 246 0 0 0 0 0 0 0 0 0 0 0 0 0 0 0 0 0 0 0 0 0 0 0 0 0 0 0 0 0 0 0 0 0 0 0 0 0 481 481 481 481 481 481 481 481 481 481 481 481 481 0 0 0 0 0 0 0 0 0 0 0 0 0 0 0 0 0 0 0 0 0 0 0 0 0 0 0 0 0 0 0 0 0 0 0 0 0 0 0 0 0 0 0 0 0 0 244 244 244 244 244 244 244 244 244 244 0 0 0 0 0 0 0 0 0 0 0 0 0 0 0 0 0 0 0 0 0 0 0 0 0 0 0 0 0 0 0 0 0 0 0 0 0 0 0 0 0 0 0 0 0 0 0 0 0 0 0 0 0
0 0 0 0 0 0 0 0 0 0 0 0 0 0 0 0 0 0 0 0 0 0 0 0 0 0 0 0 0 0 246 246 246 246 246 246 246 246 246 246 246 0 0 0 0 0 0 0 0 0 0 0 0 0 0 0 0 0 0 0 0 0 0 0 0 0 0 0 0 0 0 0 0 0 0 0 0 0 481 481 481 481 481 481 481 481 481 481 481 481 481 0 0 0 0 0 0 0 0 0 0 0 0 0 0 0 0 0 0 0 0 0 0 0 0 0 0 0 0 0 0 0 0 0 0 0 0 0 0 0 0 0 0 0 0 0 0 244 244 244 244 244 244 244 244 244 244 0 0 0 0 0 0 0 0 0 0 0 0 0 0 0 0 0 0 0 0 0 0 0 0 0 0 0 0 0 0 0 0 0 0 0 0 0 0 0 0 0 0 0 0 0 0 0 0 0 0 0 0 0
0 0 0 0 0 0 0 0 0 0 0 0 0 0 0 0 0 0 0 0 0 0 0 0 0 0 0 0 0 0 246 246 246 246 246 246 246 246 246 246 246 0 0 0 0 0 0 0 0 0 0 0 0 0 0 0 0 0 0 0 0 0 0 0 0 0 0 0 0 0 0 0 0 0 0 0 0 0 0 0 0 0 0 0 0 0 0 0 0 0 0 0 0 0 0 0 0 0 0 0 0 0 0 0 0 0 0 0 0 0 0 0 0 0 0 0 0 0 0 0 0 0 0 0 0 0 0 0 0 0 0 0 0 0 0 0 0 244 244 244 244 244 244 244 244 244 244 244 244 244 244 244 244 0 0 0 0 0 0 0 0 0 0 0 0 0 0 0 0 0 0 0 0 0 0 0 0 0 0 0 0 0 0 0 0 0 0 0 0 0 0 0 0 0 0 0 0 0 0 0
0 0 0 0 0 0 0 0 0 0 0 0 0 0 0 0 0 0 0 0 0 0 0 0 0 0 0 0 0 0 246 246 246 246 246 246 246 246 246 246 246 0 0 0 0 0 0 0 0 0 0 0 0 0 0 0 0 0 0 0 0 0 0 0 0 0 0 0 0 0 0 0 0 0 0 0 0 0 0 0 0 0 0 0 0 0 0 0 0 0 0 0 0 0 0 0 0 0 0 0 0 0 0 0 0 0 0 0 0 0 0 0 0 0 0 0 0 0 0 0 0 0 0 0 0 0 0 0 0 0 0 0 0 0 0 0 0 244 244 244 244 244 244 244 244 244 244 244 244 244 244 244 244 0 0 0 0 0 0 0 0 0 0 0 0 0 0 0 0 0 0 0 0 0 0 0 0 0 0 0 0 0 0 0 0 0 0 0 0 0 0 0 0 0 0 0 0 0 0 0
