50
3000 3000 2949 3027
3000 3000 3102 3040
3000 3000 2986 2876
3000 3000 2923 2929
3000 3000 2845 2935
3000 3000 3034 3081
3000 3000 3044 3021
3000 3000 3015 3010
3000 3000 3044 2951
3000 3000 3014 2878
3000 3000 3062 2985
3000 3000 2994 2849
3000 3000 3035 2911
3000 3000 2918 3015
3000 3000 3087 3097
3000 3000 2995 3001
3000 3000 3024 2980
3000 3000 3004 2973
3000 3000 2994 3004
3000 3000 3158 3036
3000 3000 3133 2899
3000 3000 3048 3037
3000 3000 3064 3011
3000 3000 3002 2993
3000 3000 2888 3077
3000 3000 3096 2950
3000 3000 2952 3092
3000 3000 3139 2892
3000 3000 3064 2926
3000 3000 2954 2840
3000 3000 3085 2993
3000 3000 3035 3059
3000 3000 3161 2956
3000 3000 2970 3036
3000 3000 3013 3020
3000 3000 3017 2973
3000 3000 2898 3054
3000 3000 3052 3028
3000 3000 2823 3025
3000 3000 2894 2906
3000 3000 3015 2996
3000 3000 2888 3062
3000 3000 2992 2898
3000 3000 3029 2999
3000 3000 2988 2984
3000 3000 3038 2909
3000 3000 3058 2980
3000 3000 3048 2877
3000 3000 2905 2907
3000 3000 2870 3037
