50
50 50 64 47
50 50 66 51
50 50 39 55
50 50 52 39
50 50 38 41
50 50 43 40
50 50 33 44
50 50 47 63
50 50 64 42
50 50 63 61
50 50 58 37
50 50 36 37
50 50 41 54
50 50 60 58
50 50 64 37
50 50 36 60
50 50 54 68
50 50 59 58
50 50 63 60
50 50 69 54
50 50 66 42
50 50 56 59
50 50 60 51
50 50 62 62
50 50 51 39
50 50 50 66
50 50 34 47
50 50 61 47
50 50 43 66
50 50 33 58
50 50 44 40
50 50 48 60
50 50 44 59
50 50 60 49
50 50 50 32
50 50 65 51
50 50 34 43
50 50 44 42
50 50 66 41
50 50 53 68
50 50 61 54
50 50 33 43
50 50 42 62
50 50 43 67
50 50 35 43
50 50 66 53
50 50 61 45
50 50 59 46
50 50 36 47
50 50 38 47
